       429: (242,121,  0,255) #F27900FF srgba(242,121,0,1)
        79: (242,121,  0,254) #F27900FE srgba(242,121,0,0.996078)
        32: (242,121,  0,253) #F27900FD srgba(242,121,0,0.992157)
        15: (242,121,  0,252) #F27900FC srgba(242,121,0,0.988235)
        13: (242,121,  0,251) #F27900FB srgba(242,121,0,0.984314)
        13: (242,121,  0,249) #F27900F9 srgba(242,121,0,0.976471)
        10: (242,121,  0,250) #F27900FA srgba(242,121,0,0.980392)
        10: (242,121,  0,248) #F27900F8 srgba(242,121,0,0.972549)
         6: (242,121,  0,247) #F27900F7 srgba(242,121,0,0.968627)
         1: (242,121,  0,246) #F27900F6 srgba(242,121,0,0.964706)
        25: (243,121,  0,254) #F37900FE srgba(243,121,0,0.996078)
        22: (243,121,  0,252) #F37900FC srgba(243,121,0,0.988235)
        21: (243,121,  0,255) #F37900FF srgba(243,121,0,1)
        14: (243,121,  0,246) #F37900F6 srgba(243,121,0,0.964706)
        13: (243,121,  0,253) #F37900FD srgba(243,121,0,0.992157)
        12: (243,121,  0,251) #F37900FB srgba(243,121,0,0.984314)
         8: (243,121,  0,242) #F37900F2 srgba(243,121,0,0.94902)
         6: (243,121,  0,238) #F37900EE srgba(243,121,0,0.933333)
         6: (243,121,  0,244) #F37900F4 srgba(243,121,0,0.956863)
         6: (243,121,  0,240) #F37900F0 srgba(243,121,0,0.941176)
         5: (243,121,  0,234) #F37900EA srgba(243,121,0,0.917647)
         5: (243,121,  0,230) #F37900E6 srgba(243,121,0,0.901961)
         4: (243,121,  0,243) #F37900F3 srgba(243,121,0,0.952941)
         4: (243,121,  0,250) #F37900FA srgba(243,121,0,0.980392)
         4: (243,121,  0,241) #F37900F1 srgba(243,121,0,0.945098)
         4: (243,121,  0,236) #F37900EC srgba(243,121,0,0.92549)
         4: (243,121,  0,237) #F37900ED srgba(243,121,0,0.929412)
         4: (243,121,  0,245) #F37900F5 srgba(243,121,0,0.960784)
         3: (243,121,  0,249) #F37900F9 srgba(243,121,0,0.976471)
         3: (243,121,  0,232) #F37900E8 srgba(243,121,0,0.909804)
         3: (243,121,  0,247) #F37900F7 srgba(243,121,0,0.968627)
         3: (243,121,  0,228) #F37900E4 srgba(243,121,0,0.894118)
         3: (243,121,  0,248) #F37900F8 srgba(243,121,0,0.972549)
         2: (243,121,  0,239) #F37900EF srgba(243,121,0,0.937255)
         1: (243,121,  0,226) #F37900E2 srgba(243,121,0,0.886275)
        13: (243,122,  0,255) #F37A00FF srgba(243,122,0,1)
        10: (243,122,  0,231) #F37A00E7 srgba(243,122,0,0.905882)
         7: (243,122,  0,251) #F37A00FB srgba(243,122,0,0.984314)
         5: (243,122,  0,253) #F37A00FD srgba(243,122,0,0.992157)
         5: (243,122,  0,229) #F37A00E5 srgba(243,122,0,0.898039)
         5: (243,122,  0,233) #F37A00E9 srgba(243,122,0,0.913725)
         4: (243,122,  0,243) #F37A00F3 srgba(243,122,0,0.952941)
         4: (243,122,  0,245) #F37A00F5 srgba(243,122,0,0.960784)
         3: (243,122,  0,239) #F37A00EF srgba(243,122,0,0.937255)
         2: (243,122,  0,237) #F37A00ED srgba(243,122,0,0.929412)
         2: (243,122,  0,235) #F37A00EB srgba(243,122,0,0.921569)
         1: (243,122,  0,249) #F37A00F9 srgba(243,122,0,0.976471)
         1: (243,122,  0,240) #F37A00F0 srgba(243,122,0,0.941176)
         1: (243,122,  0,241) #F37A00F1 srgba(243,122,0,0.945098)
         1: (243,122,  0,247) #F37A00F7 srgba(243,122,0,0.968627)
         1: (243,122,  0,236) #F37A00EC srgba(243,122,0,0.92549)
         1: (243,122,  0,227) #F37A00E3 srgba(243,122,0,0.890196)
         1: (243,122,  0,248) #F37A00F8 srgba(243,122,0,0.972549)
         9: (244,121,  0,254) #F47900FE srgba(244,121,0,0.996078)
         5: (244,121,  0,226) #F47900E2 srgba(244,121,0,0.886275)
         4: (244,121,  0,240) #F47900F0 srgba(244,121,0,0.941176)
         4: (244,121,  0,255) #F47900FF srgba(244,121,0,1)
         4: (244,121,  0,236) #F47900EC srgba(244,121,0,0.92549)
         3: (244,121,  0,216) #F47900D8 srgba(244,121,0,0.847059)
         2: (244,121,  0,250) #F47900FA srgba(244,121,0,0.980392)
         2: (244,121,  0,224) #F47900E0 srgba(244,121,0,0.878431)
         2: (244,121,  0,222) #F47900DE srgba(244,121,0,0.870588)
         2: (244,121,  0,218) #F47900DA srgba(244,121,0,0.854902)
         1: (244,121,  0,248) #F47900F8 srgba(244,121,0,0.972549)
         1: (244,121,  0,234) #F47900EA srgba(244,121,0,0.917647)
         1: (244,121,  0,252) #F47900FC srgba(244,121,0,0.988235)
         1: (244,121,  0,238) #F47900EE srgba(244,121,0,0.933333)
         1: (244,121,  0,239) #F47900EF srgba(244,121,0,0.937255)
         1: (244,121,  0,220) #F47900DC srgba(244,121,0,0.862745)
         1: (244,121,  0,242) #F47900F2 srgba(244,121,0,0.94902)
        21: (244,122,  0,255) #F47A00FF srgba(244,122,0,1)
         7: (244,122,  0,219) #F47A00DB srgba(244,122,0,0.858824)
         7: (244,122,  0,225) #F47A00E1 srgba(244,122,0,0.882353)
         6: (244,122,  0,237) #F47A00ED srgba(244,122,0,0.929412)
         5: (244,122,  0,251) #F47A00FB srgba(244,122,0,0.984314)
         5: (244,122,  0,226) #F47A00E2 srgba(244,122,0,0.886275)
         5: (244,122,  0,221) #F47A00DD srgba(244,122,0,0.866667)
         5: (244,122,  0,223) #F47A00DF srgba(244,122,0,0.87451)
         5: (244,122,  0,235) #F47A00EB srgba(244,122,0,0.921569)
         5: (244,122,  0,233) #F47A00E9 srgba(244,122,0,0.913725)
         5: (244,122,  0,206) #F47A00CE srgba(244,122,0,0.807843)
         4: (244,122,  0,212) #F47A00D4 srgba(244,122,0,0.831373)
         4: (244,122,  0,239) #F47A00EF srgba(244,122,0,0.937255)
         3: (244,122,  0,214) #F47A00D6 srgba(244,122,0,0.839216)
         3: (244,122,  0,215) #F47A00D7 srgba(244,122,0,0.843137)
         3: (244,122,  0,250) #F47A00FA srgba(244,122,0,0.980392)
         3: (244,122,  0,210) #F47A00D2 srgba(244,122,0,0.823529)
         3: (244,122,  0,211) #F47A00D3 srgba(244,122,0,0.827451)
         2: (244,122,  0,247) #F47A00F7 srgba(244,122,0,0.968627)
         2: (244,122,  0,254) #F47A00FE srgba(244,122,0,0.996078)
         2: (244,122,  0,207) #F47A00CF srgba(244,122,0,0.811765)
         2: (244,122,  0,216) #F47A00D8 srgba(244,122,0,0.847059)
         2: (244,122,  0,224) #F47A00E0 srgba(244,122,0,0.878431)
         2: (244,122,  0,229) #F47A00E5 srgba(244,122,0,0.898039)
         2: (244,122,  0,213) #F47A00D5 srgba(244,122,0,0.835294)
         2: (244,122,  0,236) #F47A00EC srgba(244,122,0,0.92549)
         2: (244,122,  0,241) #F47A00F1 srgba(244,122,0,0.945098)
         1: (244,122,  0,253) #F47A00FD srgba(244,122,0,0.992157)
         1: (244,122,  0,208) #F47A00D0 srgba(244,122,0,0.815686)
         1: (244,122,  0,234) #F47A00EA srgba(244,122,0,0.917647)
         1: (244,122,  0,242) #F47A00F2 srgba(244,122,0,0.94902)
         1: (244,122,  0,227) #F47A00E3 srgba(244,122,0,0.890196)
         1: (244,122,  0,245) #F47A00F5 srgba(244,122,0,0.960784)
         1: (244,122,  0,217) #F47A00D9 srgba(244,122,0,0.85098)
         1: (244,122,  0,220) #F47A00DC srgba(244,122,0,0.862745)
         1: (244,122,  0,228) #F47A00E4 srgba(244,122,0,0.894118)
         1: (244,122,  0,243) #F47A00F3 srgba(244,122,0,0.952941)
         1: (244,122,  0,252) #F47A00FC srgba(244,122,0,0.988235)
        22: (245,122,  0,255) #F57A00FF srgba(245,122,0,1)
         7: (245,122,  0,192) #F57A00C0 srgba(245,122,0,0.752941)
         6: (245,122,  0,252) #F57A00FC srgba(245,122,0,0.988235)
         6: (245,122,  0,214) #F57A00D6 srgba(245,122,0,0.839216)
         6: (245,122,  0,254) #F57A00FE srgba(245,122,0,0.996078)
         4: (245,122,  0,221) #F57A00DD srgba(245,122,0,0.866667)
         4: (245,122,  0,238) #F57A00EE srgba(245,122,0,0.933333)
         4: (245,122,  0,249) #F57A00F9 srgba(245,122,0,0.976471)
         4: (245,122,  0,200) #F57A00C8 srgba(245,122,0,0.784314)
         4: (245,122,  0,224) #F57A00E0 srgba(245,122,0,0.878431)
         3: (245,122,  0,203) #F57A00CB srgba(245,122,0,0.796078)
         3: (245,122,  0,205) #F57A00CD srgba(245,122,0,0.803922)
         3: (245,122,  0,202) #F57A00CA srgba(245,122,0,0.792157)
         3: (245,122,  0,201) #F57A00C9 srgba(245,122,0,0.788235)
         3: (245,122,  0,250) #F57A00FA srgba(245,122,0,0.980392)
         3: (245,122,  0,204) #F57A00CC srgba(245,122,0,0.8)
         3: (245,122,  0,198) #F57A00C6 srgba(245,122,0,0.776471)
         2: (245,122,  0,210) #F57A00D2 srgba(245,122,0,0.823529)
         2: (245,122,  0,197) #F57A00C5 srgba(245,122,0,0.772549)
         2: (245,122,  0,239) #F57A00EF srgba(245,122,0,0.937255)
         2: (245,122,  0,208) #F57A00D0 srgba(245,122,0,0.815686)
         2: (245,122,  0,220) #F57A00DC srgba(245,122,0,0.862745)
         2: (245,122,  0,217) #F57A00D9 srgba(245,122,0,0.85098)
         2: (245,122,  0,251) #F57A00FB srgba(245,122,0,0.984314)
         1: (245,122,  0,242) #F57A00F2 srgba(245,122,0,0.94902)
         1: (245,122,  0,240) #F57A00F0 srgba(245,122,0,0.941176)
         1: (245,122,  0,188) #F57A00BC srgba(245,122,0,0.737255)
         1: (245,122,  0,209) #F57A00D1 srgba(245,122,0,0.819608)
         1: (245,122,  0,194) #F57A00C2 srgba(245,122,0,0.760784)
         1: (245,122,  0,243) #F57A00F3 srgba(245,122,0,0.952941)
         1: (245,122,  0,248) #F57A00F8 srgba(245,122,0,0.972549)
         1: (245,122,  0,237) #F57A00ED srgba(245,122,0,0.929412)
         1: (245,122,  0,196) #F57A00C4 srgba(245,122,0,0.768627)
         1: (245,122,  0,232) #F57A00E8 srgba(245,122,0,0.909804)
         1: (245,122,  0,219) #F57A00DB srgba(245,122,0,0.858824)
         1: (245,122,  0,211) #F57A00D3 srgba(245,122,0,0.827451)
         1: (245,122,  0,253) #F57A00FD srgba(245,122,0,0.992157)
         1: (245,122,  0,228) #F57A00E4 srgba(245,122,0,0.894118)
         1: (245,122,  0,227) #F57A00E3 srgba(245,122,0,0.890196)
         1: (245,122,  0,234) #F57A00EA srgba(245,122,0,0.917647)
         1: (245,122,  0,226) #F57A00E2 srgba(245,122,0,0.886275)
         1: (245,122,  0,225) #F57A00E1 srgba(245,122,0,0.882353)
         1: (245,122,  0,199) #F57A00C7 srgba(245,122,0,0.780392)
         1: (245,122,  0,216) #F57A00D8 srgba(245,122,0,0.847059)
         1: (245,122,  0,190) #F57A00BE srgba(245,122,0,0.745098)
         8: (245,123,  0,255) #F57B00FF srgba(245,123,0,1)
         3: (245,123,  0,195) #F57B00C3 srgba(245,123,0,0.764706)
         3: (245,123,  0,189) #F57B00BD srgba(245,123,0,0.741176)
         3: (245,123,  0,191) #F57B00BF srgba(245,123,0,0.74902)
         2: (245,123,  0,193) #F57B00C1 srgba(245,123,0,0.756863)
         2: (245,123,  0,213) #F57B00D5 srgba(245,123,0,0.835294)
         1: (245,123,  0,211) #F57B00D3 srgba(245,123,0,0.827451)
         1: (245,123,  0,223) #F57B00DF srgba(245,123,0,0.87451)
         1: (245,123,  0,252) #F57B00FC srgba(245,123,0,0.988235)
         1: (245,123,  0,253) #F57B00FD srgba(245,123,0,0.992157)
         1: (245,123,  0,222) #F57B00DE srgba(245,123,0,0.870588)
         1: (245,123,  0,249) #F57B00F9 srgba(245,123,0,0.976471)
         1: (245,123,  0,209) #F57B00D1 srgba(245,123,0,0.819608)
         1: (245,123,  0,235) #F57B00EB srgba(245,123,0,0.921569)
         1: (245,123,  0,234) #F57B00EA srgba(245,123,0,0.917647)
         1: (245,123,  0,212) #F57B00D4 srgba(245,123,0,0.831373)
         1: (245,123,  0,187) #F57B00BB srgba(245,123,0,0.733333)
         5: (246,122,  0,184) #F67A00B8 srgba(246,122,0,0.721569)
         4: (246,122,  0,255) #F67A00FF srgba(246,122,0,1)
         3: (246,122,  0,188) #F67A00BC srgba(246,122,0,0.737255)
         3: (246,122,  0,254) #F67A00FE srgba(246,122,0,0.996078)
         3: (246,122,  0,182) #F67A00B6 srgba(246,122,0,0.713725)
         3: (246,122,  0,178) #F67A00B2 srgba(246,122,0,0.698039)
         2: (246,122,  0,233) #F67A00E9 srgba(246,122,0,0.913725)
         2: (246,122,  0,252) #F67A00FC srgba(246,122,0,0.988235)
         2: (246,122,  0,180) #F67A00B4 srgba(246,122,0,0.705882)
         1: (246,122,  0,192) #F67A00C0 srgba(246,122,0,0.752941)
         1: (246,122,  0,187) #F67A00BB srgba(246,122,0,0.733333)
         1: (246,122,  0,183) #F67A00B7 srgba(246,122,0,0.717647)
         1: (246,122,  0,240) #F67A00F0 srgba(246,122,0,0.941176)
         1: (246,122,  0,185) #F67A00B9 srgba(246,122,0,0.72549)
         1: (246,122,  0,190) #F67A00BE srgba(246,122,0,0.745098)
         1: (246,122,  0,251) #F67A00FB srgba(246,122,0,0.984314)
         1: (246,122,  0,186) #F67A00BA srgba(246,122,0,0.729412)
         1: (246,122,  0,196) #F67A00C4 srgba(246,122,0,0.768627)
         1: (246,122,  0,200) #F67A00C8 srgba(246,122,0,0.784314)
         1: (246,122,  0,241) #F67A00F1 srgba(246,122,0,0.945098)
         1: (246,122,  0,194) #F67A00C2 srgba(246,122,0,0.760784)
        32: (246,123,  0,255) #F67B00FF srgba(246,123,0,1)
         7: (246,123,  0,169) #F67B00A9 srgba(246,123,0,0.662745)
         6: (246,123,  0,254) #F67B00FE srgba(246,123,0,0.996078)
         5: (246,123,  0,181) #F67B00B5 srgba(246,123,0,0.709804)
         5: (246,123,  0,175) #F67B00AF srgba(246,123,0,0.686275)
         4: (246,123,  0,185) #F67B00B9 srgba(246,123,0,0.72549)
         4: (246,123,  0,189) #F67B00BD srgba(246,123,0,0.741176)
         3: (246,123,  0,241) #F67B00F1 srgba(246,123,0,0.945098)
         3: (246,123,  0,187) #F67B00BB srgba(246,123,0,0.733333)
         3: (246,123,  0,177) #F67B00B1 srgba(246,123,0,0.694118)
         3: (246,123,  0,176) #F67B00B0 srgba(246,123,0,0.690196)
         3: (246,123,  0,174) #F67B00AE srgba(246,123,0,0.682353)
         3: (246,123,  0,173) #F67B00AD srgba(246,123,0,0.678431)
         3: (246,123,  0,170) #F67B00AA srgba(246,123,0,0.666667)
         3: (246,123,  0,230) #F67B00E6 srgba(246,123,0,0.901961)
         2: (246,123,  0,253) #F67B00FD srgba(246,123,0,0.992157)
         2: (246,123,  0,186) #F67B00BA srgba(246,123,0,0.729412)
         2: (246,123,  0,240) #F67B00F0 srgba(246,123,0,0.941176)
         2: (246,123,  0,251) #F67B00FB srgba(246,123,0,0.984314)
         2: (246,123,  0,171) #F67B00AB srgba(246,123,0,0.670588)
         2: (246,123,  0,172) #F67B00AC srgba(246,123,0,0.67451)
         2: (246,123,  0,243) #F67B00F3 srgba(246,123,0,0.952941)
         2: (246,123,  0,249) #F67B00F9 srgba(246,123,0,0.976471)
         2: (246,123,  0,180) #F67B00B4 srgba(246,123,0,0.705882)
         2: (246,123,  0,178) #F67B00B2 srgba(246,123,0,0.698039)
         2: (246,123,  0,250) #F67B00FA srgba(246,123,0,0.980392)
         1: (246,123,  0,242) #F67B00F2 srgba(246,123,0,0.94902)
         1: (246,123,  0,235) #F67B00EB srgba(246,123,0,0.921569)
         1: (246,123,  0,252) #F67B00FC srgba(246,123,0,0.988235)
         1: (246,123,  0,232) #F67B00E8 srgba(246,123,0,0.909804)
         1: (246,123,  0,182) #F67B00B6 srgba(246,123,0,0.713725)
         1: (246,123,  0,183) #F67B00B7 srgba(246,123,0,0.717647)
         1: (246,123,  0,231) #F67B00E7 srgba(246,123,0,0.905882)
         1: (246,123,  0,207) #F67B00CF srgba(246,123,0,0.811765)
         1: (246,123,  0,184) #F67B00B8 srgba(246,123,0,0.721569)
         1: (246,123,  0,168) #F67B00A8 srgba(246,123,0,0.658824)
         1: (246,123,  0,193) #F67B00C1 srgba(246,123,0,0.756863)
         1: (246,123,  0,167) #F67B00A7 srgba(246,123,0,0.654902)
         1: (246,123,  0,190) #F67B00BE srgba(246,123,0,0.745098)
         1: (246,123,  0,237) #F67B00ED srgba(246,123,0,0.929412)
         1: (246,123,  0,229) #F67B00E5 srgba(246,123,0,0.898039)
         1: (246,123,  0,192) #F67B00C0 srgba(246,123,0,0.752941)
         1: (246,123,  0,233) #F67B00E9 srgba(246,123,0,0.913725)
         1: (246,123,  0,246) #F67B00F6 srgba(246,123,0,0.964706)
         1: (246,123,  0,247) #F67B00F7 srgba(246,123,0,0.968627)
        38: (247,123,  0,255) #F77B00FF srgba(247,123,0,1)
         8: (247,123,  0,254) #F77B00FE srgba(247,123,0,0.996078)
         7: (247,123,  0,161) #F77B00A1 srgba(247,123,0,0.631373)
         7: (247,123,  0,158) #F77B009E srgba(247,123,0,0.619608)
         5: (247,123,  0,164) #F77B00A4 srgba(247,123,0,0.643137)
         5: (247,123,  0,166) #F77B00A6 srgba(247,123,0,0.65098)
         4: (247,123,  0,148) #F77B0094 srgba(247,123,0,0.580392)
         4: (247,123,  0,160) #F77B00A0 srgba(247,123,0,0.627451)
         4: (247,123,  0,159) #F77B009F srgba(247,123,0,0.623529)
         4: (247,123,  0,240) #F77B00F0 srgba(247,123,0,0.941176)
         4: (247,123,  0,154) #F77B009A srgba(247,123,0,0.603922)
         4: (247,123,  0,157) #F77B009D srgba(247,123,0,0.615686)
         4: (247,123,  0,162) #F77B00A2 srgba(247,123,0,0.635294)
         3: (247,123,  0,242) #F77B00F2 srgba(247,123,0,0.94902)
         3: (247,123,  0,152) #F77B0098 srgba(247,123,0,0.596078)
         3: (247,123,  0,238) #F77B00EE srgba(247,123,0,0.933333)
         3: (247,123,  0,150) #F77B0096 srgba(247,123,0,0.588235)
         2: (247,123,  0,165) #F77B00A5 srgba(247,123,0,0.647059)
         2: (247,123,  0,247) #F77B00F7 srgba(247,123,0,0.968627)
         2: (247,123,  0,233) #F77B00E9 srgba(247,123,0,0.913725)
         2: (247,123,  0,234) #F77B00EA srgba(247,123,0,0.917647)
         2: (247,123,  0,243) #F77B00F3 srgba(247,123,0,0.952941)
         2: (247,123,  0,251) #F77B00FB srgba(247,123,0,0.984314)
         2: (247,123,  0,236) #F77B00EC srgba(247,123,0,0.92549)
         2: (247,123,  0,167) #F77B00A7 srgba(247,123,0,0.654902)
         2: (247,123,  0,156) #F77B009C srgba(247,123,0,0.611765)
         1: (247,123,  0,163) #F77B00A3 srgba(247,123,0,0.639216)
         1: (247,123,  0,237) #F77B00ED srgba(247,123,0,0.929412)
         1: (247,123,  0,187) #F77B00BB srgba(247,123,0,0.733333)
         1: (247,123,  0,248) #F77B00F8 srgba(247,123,0,0.972549)
         1: (247,123,  0,185) #F77B00B9 srgba(247,123,0,0.72549)
         1: (247,123,  0,253) #F77B00FD srgba(247,123,0,0.992157)
         1: (247,123,  0,241) #F77B00F1 srgba(247,123,0,0.945098)
         1: (247,123,  0,239) #F77B00EF srgba(247,123,0,0.937255)
         1: (247,123,  0,168) #F77B00A8 srgba(247,123,0,0.658824)
         1: (247,123,  0,184) #F77B00B8 srgba(247,123,0,0.721569)
         1: (247,123,  0,244) #F77B00F4 srgba(247,123,0,0.956863)
         1: (247,123,  0,175) #F77B00AF srgba(247,123,0,0.686275)
         1: (247,123,  0,252) #F77B00FC srgba(247,123,0,0.988235)
         1: (247,123,  0,172) #F77B00AC srgba(247,123,0,0.67451)
         1: (247,123,  0,245) #F77B00F5 srgba(247,123,0,0.960784)
        11: (247,124,  0,255) #F77C00FF srgba(247,124,0,1)
         6: (247,124,  0,151) #F77C0097 srgba(247,124,0,0.592157)
         4: (247,124,  0,149) #F77C0095 srgba(247,124,0,0.584314)
         2: (247,124,  0,155) #F77C009B srgba(247,124,0,0.607843)
         2: (247,124,  0,239) #F77C00EF srgba(247,124,0,0.937255)
         1: (247,124,  0,157) #F77C009D srgba(247,124,0,0.615686)
         1: (247,124,  0,235) #F77C00EB srgba(247,124,0,0.921569)
         1: (247,124,  0,154) #F77C009A srgba(247,124,0,0.603922)
         1: (247,124,  0,168) #F77C00A8 srgba(247,124,0,0.658824)
         1: (247,124,  0,240) #F77C00F0 srgba(247,124,0,0.941176)
         1: (247,124,  0,253) #F77C00FD srgba(247,124,0,0.992157)
         1: (247,124,  0,165) #F77C00A5 srgba(247,124,0,0.647059)
         1: (247,124,  0,254) #F77C00FE srgba(247,124,0,0.996078)
         1: (247,124,  0,153) #F77C0099 srgba(247,124,0,0.6)
        12: (248,123,  0,255) #F87B00FF srgba(248,123,0,1)
         6: (248,123,  0,138) #F87B008A srgba(248,123,0,0.541176)
         5: (248,123,  0,142) #F87B008E srgba(248,123,0,0.556863)
         4: (248,123,  0,140) #F87B008C srgba(248,123,0,0.54902)
         3: (248,123,  0,146) #F87B0092 srgba(248,123,0,0.572549)
         1: (248,123,  0,233) #F87B00E9 srgba(248,123,0,0.913725)
         1: (248,123,  0,150) #F87B0096 srgba(248,123,0,0.588235)
         1: (248,123,  0,244) #F87B00F4 srgba(248,123,0,0.956863)
         1: (248,123,  0,144) #F87B0090 srgba(248,123,0,0.564706)
         1: (248,123,  0,247) #F87B00F7 srgba(248,123,0,0.968627)
         1: (248,123,  0,232) #F87B00E8 srgba(248,123,0,0.909804)
         1: (248,123,  0,241) #F87B00F1 srgba(248,123,0,0.945098)
        58: (248,124,  0,255) #F87C00FF srgba(248,124,0,1)
         8: (248,124,  0,147) #F87C0093 srgba(248,124,0,0.576471)
         6: (248,124,  0,134) #F87C0086 srgba(248,124,0,0.52549)
         5: (248,124,  0,241) #F87C00F1 srgba(248,124,0,0.945098)
         5: (248,124,  0,131) #F87C0083 srgba(248,124,0,0.513725)
         5: (248,124,  0,133) #F87C0085 srgba(248,124,0,0.521569)
         4: (248,124,  0,149) #F87C0095 srgba(248,124,0,0.584314)
         4: (248,124,  0,136) #F87C0088 srgba(248,124,0,0.533333)
         4: (248,124,  0,141) #F87C008D srgba(248,124,0,0.552941)
         3: (248,124,  0,143) #F87C008F srgba(248,124,0,0.560784)
         3: (248,124,  0,132) #F87C0084 srgba(248,124,0,0.517647)
         3: (248,124,  0,151) #F87C0097 srgba(248,124,0,0.592157)
         3: (248,124,  0,139) #F87C008B srgba(248,124,0,0.545098)
         2: (248,124,  0,135) #F87C0087 srgba(248,124,0,0.529412)
         2: (248,124,  0,248) #F87C00F8 srgba(248,124,0,0.972549)
         2: (248,124,  0,137) #F87C0089 srgba(248,124,0,0.537255)
         2: (248,124,  0,145) #F87C0091 srgba(248,124,0,0.568627)
         2: (248,124,  0,129) #F87C0081 srgba(248,124,0,0.505882)
         1: (248,124,  0,239) #F87C00EF srgba(248,124,0,0.937255)
         1: (248,124,  0,130) #F87C0082 srgba(248,124,0,0.509804)
         1: (248,124,  0,242) #F87C00F2 srgba(248,124,0,0.94902)
         1: (248,124,  0,165) #F87C00A5 srgba(248,124,0,0.647059)
         1: (248,124,  0,231) #F87C00E7 srgba(248,124,0,0.905882)
         1: (248,124,  0,233) #F87C00E9 srgba(248,124,0,0.913725)
         1: (248,124,  0,148) #F87C0094 srgba(248,124,0,0.580392)
         1: (248,124,  0,128) #F87C0080 srgba(248,124,0,0.501961)
         1: (248,124,  0,153) #F87C0099 srgba(248,124,0,0.6)
        40: (249,124,  0,255) #F97C00FF srgba(249,124,0,1)
         8: (249,124,  0,122) #F97C007A srgba(249,124,0,0.478431)
         7: (249,124,  0,112) #F97C0070 srgba(249,124,0,0.439216)
         5: (249,124,  0,108) #F97C006C srgba(249,124,0,0.423529)
         5: (249,124,  0,110) #F97C006E srgba(249,124,0,0.431373)
         4: (249,124,  0,127) #F97C007F srgba(249,124,0,0.498039)
         4: (249,124,  0,123) #F97C007B srgba(249,124,0,0.482353)
         4: (249,124,  0,248) #F97C00F8 srgba(249,124,0,0.972549)
         3: (249,124,  0,119) #F97C0077 srgba(249,124,0,0.466667)
         3: (249,124,  0,126) #F97C007E srgba(249,124,0,0.494118)
         3: (249,124,  0,118) #F97C0076 srgba(249,124,0,0.462745)
         3: (249,124,  0,244) #F97C00F4 srgba(249,124,0,0.956863)
         3: (249,124,  0,120) #F97C0078 srgba(249,124,0,0.470588)
         3: (249,124,  0,124) #F97C007C srgba(249,124,0,0.486275)
         2: (249,124,  0,116) #F97C0074 srgba(249,124,0,0.454902)
         2: (249,124,  0,125) #F97C007D srgba(249,124,0,0.490196)
         1: (249,124,  0,138) #F97C008A srgba(249,124,0,0.541176)
         1: (249,124,  0,135) #F97C0087 srgba(249,124,0,0.529412)
         1: (249,124,  0,246) #F97C00F6 srgba(249,124,0,0.964706)
         1: (249,124,  0,139) #F97C008B srgba(249,124,0,0.545098)
         1: (249,124,  0,121) #F97C0079 srgba(249,124,0,0.47451)
         1: (249,124,  0,114) #F97C0072 srgba(249,124,0,0.447059)
         1: (249,124,  0,247) #F97C00F7 srgba(249,124,0,0.968627)
         1: (249,124,  0,249) #F97C00F9 srgba(249,124,0,0.976471)
         1: (249,124,  0,245) #F97C00F5 srgba(249,124,0,0.960784)
         1: (249,124,  0,242) #F97C00F2 srgba(249,124,0,0.94902)
        16: (249,125,  0,255) #F97D00FF srgba(249,125,0,1)
         4: (249,125,  0,115) #F97D0073 srgba(249,125,0,0.45098)
         2: (249,125,  0,249) #F97D00F9 srgba(249,125,0,0.976471)
         2: (249,125,  0,241) #F97D00F1 srgba(249,125,0,0.945098)
         2: (249,125,  0,117) #F97D0075 srgba(249,125,0,0.458824)
         1: (249,125,  0,119) #F97D0077 srgba(249,125,0,0.466667)
         1: (249,125,  0,125) #F97D007D srgba(249,125,0,0.490196)
         1: (249,125,  0,126) #F97D007E srgba(249,125,0,0.494118)
         1: (249,125,  0,113) #F97D0071 srgba(249,125,0,0.443137)
         1: (249,125,  0,124) #F97D007C srgba(249,125,0,0.486275)
         1: (249,125,  0,243) #F97D00F3 srgba(249,125,0,0.952941)
         1: (249,125,  0,122) #F97D007A srgba(249,125,0,0.478431)
        20: (250,124,  0,255) #FA7C00FF srgba(250,124,0,1)
         3: (250,124,  0,100) #FA7C0064 srgba(250,124,0,0.392157)
         2: (250,124,  0,104) #FA7C0068 srgba(250,124,0,0.407843)
         1: (250,124,  0,106) #FA7C006A srgba(250,124,0,0.415686)
         1: (250,124,  0,249) #FA7C00F9 srgba(250,124,0,0.976471)
         1: (250,124,  0,111) #FA7C006F srgba(250,124,0,0.435294)
         1: (250,124,  0,250) #FA7C00FA srgba(250,124,0,0.980392)
         1: (250,124,  0,102) #FA7C0066 srgba(250,124,0,0.4)
         1: (250,124,  0, 98) #FA7C0062 srgba(250,124,0,0.384314)
         1: (250,124,  0,109) #FA7C006D srgba(250,124,0,0.427451)
         1: (250,124,  0,108) #FA7C006C srgba(250,124,0,0.423529)
        43: (250,125,  0,255) #FA7D00FF srgba(250,125,0,1)
         8: (250,125,  0,251) #FA7D00FB srgba(250,125,0,0.984314)
         7: (250,125,  0,107) #FA7D006B srgba(250,125,0,0.419608)
         5: (250,125,  0, 97) #FA7D0061 srgba(250,125,0,0.380392)
         5: (250,125,  0, 94) #FA7D005E srgba(250,125,0,0.368627)
         5: (250,125,  0,103) #FA7D0067 srgba(250,125,0,0.403922)
         4: (250,125,  0, 89) #FA7D0059 srgba(250,125,0,0.34902)
         3: (250,125,  0, 93) #FA7D005D srgba(250,125,0,0.364706)
         3: (250,125,  0,252) #FA7D00FC srgba(250,125,0,0.988235)
         3: (250,125,  0, 90) #FA7D005A srgba(250,125,0,0.352941)
         3: (250,125,  0, 91) #FA7D005B srgba(250,125,0,0.356863)
         3: (250,125,  0,250) #FA7D00FA srgba(250,125,0,0.980392)
         3: (250,125,  0,105) #FA7D0069 srgba(250,125,0,0.411765)
         3: (250,125,  0, 96) #FA7D0060 srgba(250,125,0,0.376471)
         3: (250,125,  0,101) #FA7D0065 srgba(250,125,0,0.396078)
         3: (250,125,  0, 95) #FA7D005F srgba(250,125,0,0.372549)
         2: (250,125,  0, 99) #FA7D0063 srgba(250,125,0,0.388235)
         2: (250,125,  0, 92) #FA7D005C srgba(250,125,0,0.360784)
         2: (250,125,  0,100) #FA7D0064 srgba(250,125,0,0.392157)
         1: (250,125,  0,253) #FA7D00FD srgba(250,125,0,0.992157)
         1: (250,125,  0,248) #FA7D00F8 srgba(250,125,0,0.972549)
         1: (250,125,  0,102) #FA7D0066 srgba(250,125,0,0.4)
         1: (250,125,  0,110) #FA7D006E srgba(250,125,0,0.431373)
        40: (251,125,  0,255) #FB7D00FF srgba(251,125,0,1)
         8: (251,125,  0,252) #FB7D00FC srgba(251,125,0,0.988235)
         6: (251,125,  0, 82) #FB7D0052 srgba(251,125,0,0.321569)
         5: (251,125,  0, 80) #FB7D0050 srgba(251,125,0,0.313725)
         5: (251,125,  0, 83) #FB7D0053 srgba(251,125,0,0.32549)
         5: (251,125,  0,253) #FB7D00FD srgba(251,125,0,0.992157)
         4: (251,125,  0, 78) #FB7D004E srgba(251,125,0,0.305882)
         4: (251,125,  0, 72) #FB7D0048 srgba(251,125,0,0.282353)
         4: (251,125,  0, 86) #FB7D0056 srgba(251,125,0,0.337255)
         3: (251,125,  0, 85) #FB7D0055 srgba(251,125,0,0.333333)
         3: (251,125,  0, 81) #FB7D0051 srgba(251,125,0,0.317647)
         3: (251,125,  0, 79) #FB7D004F srgba(251,125,0,0.309804)
         3: (251,125,  0, 70) #FB7D0046 srgba(251,125,0,0.27451)
         2: (251,125,  0, 87) #FB7D0057 srgba(251,125,0,0.341176)
         2: (251,125,  0, 84) #FB7D0054 srgba(251,125,0,0.329412)
         2: (251,125,  0, 90) #FB7D005A srgba(251,125,0,0.352941)
         1: (251,125,  0, 91) #FB7D005B srgba(251,125,0,0.356863)
         1: (251,125,  0,100) #FB7D0064 srgba(251,125,0,0.392157)
         1: (251,125,  0,254) #FB7D00FE srgba(251,125,0,0.996078)
         1: (251,125,  0,251) #FB7D00FB srgba(251,125,0,0.984314)
         1: (251,125,  0,192) #FB7D00C0 srgba(251,125,0,0.752941)
         1: (251,125,  0, 77) #FB7D004D srgba(251,125,0,0.301961)
         1: (251,125,  0, 76) #FB7D004C srgba(251,125,0,0.298039)
         1: (251,125,  0, 89) #FB7D0059 srgba(251,125,0,0.34902)
        22: (251,126,  0,255) #FB7E00FF srgba(251,126,0,1)
         7: (251,126,  0, 71) #FB7E0047 srgba(251,126,0,0.278431)
         5: (251,126,  0, 73) #FB7E0049 srgba(251,126,0,0.286275)
         4: (251,126,  0, 75) #FB7E004B srgba(251,126,0,0.294118)
         3: (251,126,  0,254) #FB7E00FE srgba(251,126,0,0.996078)
         2: (251,126,  0, 69) #FB7E0045 srgba(251,126,0,0.270588)
         2: (251,126,  0, 77) #FB7E004D srgba(251,126,0,0.301961)
         1: (251,126,  0, 79) #FB7E004F srgba(251,126,0,0.309804)
        25: (252,125,  0,255) #FC7D00FF srgba(252,125,0,1)
         8: (252,125,  0, 64) #FC7D0040 srgba(252,125,0,0.25098)
         6: (252,125,  0, 60) #FC7D003C srgba(252,125,0,0.235294)
         5: (252,125,  0, 66) #FC7D0042 srgba(252,125,0,0.258824)
         4: (252,125,  0, 62) #FC7D003E srgba(252,125,0,0.243137)
         3: (252,125,  0, 68) #FC7D0044 srgba(252,125,0,0.266667)
        48: (252,126,  0,255) #FC7E00FF srgba(252,126,0,1)
        15: (252,126,  0, 51) #FC7E0033 srgba(252,126,0,0.2)
         7: (252,126,  0, 57) #FC7E0039 srgba(252,126,0,0.223529)
         5: (252,126,  0, 61) #FC7E003D srgba(252,126,0,0.239216)
         5: (252,126,  0, 59) #FC7E003B srgba(252,126,0,0.231373)
         5: (252,126,  0, 54) #FC7E0036 srgba(252,126,0,0.211765)
         5: (252,126,  0, 56) #FC7E0038 srgba(252,126,0,0.219608)
         5: (252,126,  0, 65) #FC7E0041 srgba(252,126,0,0.254902)
         4: (252,126,  0, 55) #FC7E0037 srgba(252,126,0,0.215686)
         4: (252,126,  0, 63) #FC7E003F srgba(252,126,0,0.247059)
         4: (252,126,  0, 67) #FC7E0043 srgba(252,126,0,0.262745)
         4: (252,126,  0, 50) #FC7E0032 srgba(252,126,0,0.196078)
         4: (252,126,  0, 53) #FC7E0035 srgba(252,126,0,0.207843)
         3: (252,126,  0, 58) #FC7E003A srgba(252,126,0,0.227451)
         3: (252,126,  0, 49) #FC7E0031 srgba(252,126,0,0.192157)
         2: (252,126,  0, 52) #FC7E0034 srgba(252,126,0,0.203922)
         1: (252,126,  0,143) #FC7E008F srgba(252,126,0,0.560784)
        51: (253,126,  0,255) #FD7E00FF srgba(253,126,0,1)
        10: (253,126,  0, 47) #FD7E002F srgba(253,126,0,0.184314)
         8: (253,126,  0, 41) #FD7E0029 srgba(253,126,0,0.160784)
         7: (253,126,  0, 45) #FD7E002D srgba(253,126,0,0.176471)
         6: (253,126,  0, 30) #FD7E001E srgba(253,126,0,0.117647)
         6: (253,126,  0, 43) #FD7E002B srgba(253,126,0,0.168627)
         6: (253,126,  0, 32) #FD7E0020 srgba(253,126,0,0.12549)
         6: (253,126,  0, 34) #FD7E0022 srgba(253,126,0,0.133333)
         5: (253,126,  0, 40) #FD7E0028 srgba(253,126,0,0.156863)
         5: (253,126,  0, 42) #FD7E002A srgba(253,126,0,0.164706)
         4: (253,126,  0, 46) #FD7E002E srgba(253,126,0,0.180392)
         4: (253,126,  0, 36) #FD7E0024 srgba(253,126,0,0.141176)
         4: (253,126,  0, 44) #FD7E002C srgba(253,126,0,0.172549)
         3: (253,126,  0, 48) #FD7E0030 srgba(253,126,0,0.188235)
         2: (253,126,  0, 38) #FD7E0026 srgba(253,126,0,0.14902)
        35: (253,127,  0,255) #FD7F00FF srgba(253,127,0,1)
        13: (253,127,  0, 31) #FD7F001F srgba(253,127,0,0.121569)
        11: (253,127,  0, 35) #FD7F0023 srgba(253,127,0,0.137255)
         9: (253,127,  0, 33) #FD7F0021 srgba(253,127,0,0.129412)
         5: (253,127,  0, 39) #FD7F0027 srgba(253,127,0,0.152941)
         3: (253,127,  0, 37) #FD7F0025 srgba(253,127,0,0.145098)
        38: (254,126,  0,255) #FE7E00FF srgba(254,126,0,1)
        11: (254,126,  0, 22) #FE7E0016 srgba(254,126,0,0.0862745)
         8: (254,126,  0, 26) #FE7E001A srgba(254,126,0,0.101961)
         7: (254,126,  0, 20) #FE7E0014 srgba(254,126,0,0.0784314)
         6: (254,126,  0, 28) #FE7E001C srgba(254,126,0,0.109804)
         2: (254,126,  0, 24) #FE7E0018 srgba(254,126,0,0.0941176)
       120: (254,127,  0,255) #FE7F00FF srgba(254,127,0,1)
        12: (254,127,  0, 10) #FE7F000A srgba(254,127,0,0.0392157)
        11: (254,127,  0, 14) #FE7F000E srgba(254,127,0,0.054902)
        11: (254,127,  0, 16) #FE7F0010 srgba(254,127,0,0.0627451)
        10: (254,127,  0, 17) #FE7F0011 srgba(254,127,0,0.0666667)
         9: (254,127,  0, 27) #FE7F001B srgba(254,127,0,0.105882)
         8: (254,127,  0, 23) #FE7F0017 srgba(254,127,0,0.0901961)
         8: (254,127,  0, 15) #FE7F000F srgba(254,127,0,0.0588235)
         7: (254,127,  0, 18) #FE7F0012 srgba(254,127,0,0.0705882)
         5: (254,127,  0, 25) #FE7F0019 srgba(254,127,0,0.0980392)
         4: (254,127,  0, 21) #FE7F0015 srgba(254,127,0,0.0823529)
         4: (254,127,  0, 11) #FE7F000B srgba(254,127,0,0.0431373)
         4: (254,127,  0, 29) #FE7F001D srgba(254,127,0,0.113725)
         4: (254,127,  0, 13) #FE7F000D srgba(254,127,0,0.0509804)
         3: (254,127,  0, 19) #FE7F0013 srgba(254,127,0,0.0745098)
         2: (254,127,  0, 12) #FE7F000C srgba(254,127,0,0.0470588)
        37: (255,126,  0,  1) #FF7E0001 srgba(255,126,0,0.00392157)
        30: (255,126,  0,255) #FF7E00FF srgba(255,126,0,1)
         2: (255,126,  0,254) #FF7E00FE srgba(255,126,0,0.996078)
         1: (255,126,  0,253) #FF7E00FD srgba(255,126,0,0.992157)
         1: (255,126,  0,230) #FF7E00E6 srgba(255,126,0,0.901961)
    125777: (255,127,  0,  0) #FF7F0000 srgba(255,127,0,0)
     12644: (255,127,  0,255) #FF7F00FF srgba(255,127,0,1)
        27: (255,127,  0,  2) #FF7F0002 srgba(255,127,0,0.00784314)
        26: (255,127,  0,  3) #FF7F0003 srgba(255,127,0,0.0117647)
        20: (255,127,  0,  4) #FF7F0004 srgba(255,127,0,0.0156863)
        17: (255,127,  0,  5) #FF7F0005 srgba(255,127,0,0.0196078)
        13: (255,127,  0,  7) #FF7F0007 srgba(255,127,0,0.027451)
        12: (255,127,  0,  9) #FF7F0009 srgba(255,127,0,0.0352941)
        10: (255,127,  0,  1) #FF7F0001 srgba(255,127,0,0.00392157)
         9: (255,127,  0,  8) #FF7F0008 srgba(255,127,0,0.0313725)
         8: (255,127,  0,  6) #FF7F0006 srgba(255,127,0,0.0235294)
         3: (255,127,  0, 21) #FF7F0015 srgba(255,127,0,0.0823529)
         3: (255,127,  0, 62) #FF7F003E srgba(255,127,0,0.243137)
         2: (255,127,  0, 26) #FF7F001A srgba(255,127,0,0.101961)
         2: (255,127,  0,249) #FF7F00F9 srgba(255,127,0,0.976471)
         2: (255,127,  0, 28) #FF7F001C srgba(255,127,0,0.109804)
         2: (255,127,  0,248) #FF7F00F8 srgba(255,127,0,0.972549)
         2: (255,127,  0,240) #FF7F00F0 srgba(255,127,0,0.941176)
         2: (255,127,  0,118) #FF7F0076 srgba(255,127,0,0.462745)
         2: (255,127,  0,164) #FF7F00A4 srgba(255,127,0,0.643137)
         1: (255,127,  0,165) #FF7F00A5 srgba(255,127,0,0.647059)
         1: (255,127,  0,158) #FF7F009E srgba(255,127,0,0.619608)
         1: (255,127,  0,156) #FF7F009C srgba(255,127,0,0.611765)
         1: (255,127,  0,150) #FF7F0096 srgba(255,127,0,0.588235)
         1: (255,127,  0,146) #FF7F0092 srgba(255,127,0,0.572549)
         1: (255,127,  0,128) #FF7F0080 srgba(255,127,0,0.501961)
         1: (255,127,  0,117) #FF7F0075 srgba(255,127,0,0.458824)
         1: (255,127,  0,244) #FF7F00F4 srgba(255,127,0,0.956863)
         1: (255,127,  0,115) #FF7F0073 srgba(255,127,0,0.45098)
         1: (255,127,  0,166) #FF7F00A6 srgba(255,127,0,0.65098)
         1: (255,127,  0,113) #FF7F0071 srgba(255,127,0,0.443137)
         1: (255,127,  0,111) #FF7F006F srgba(255,127,0,0.435294)
         1: (255,127,  0,107) #FF7F006B srgba(255,127,0,0.419608)
         1: (255,127,  0,100) #FF7F0064 srgba(255,127,0,0.392157)
         1: (255,127,  0, 91) #FF7F005B srgba(255,127,0,0.356863)
         1: (255,127,  0,175) #FF7F00AF srgba(255,127,0,0.686275)
         1: (255,127,  0, 85) #FF7F0055 srgba(255,127,0,0.333333)
         1: (255,127,  0, 82) #FF7F0052 srgba(255,127,0,0.321569)
         1: (255,127,  0, 81) #FF7F0051 srgba(255,127,0,0.317647)
         1: (255,127,  0, 74) #FF7F004A srgba(255,127,0,0.290196)
         1: (255,127,  0, 64) #FF7F0040 srgba(255,127,0,0.25098)
         1: (255,127,  0,227) #FF7F00E3 srgba(255,127,0,0.890196)
         1: (255,127,  0, 59) #FF7F003B srgba(255,127,0,0.231373)
         1: (255,127,  0, 57) #FF7F0039 srgba(255,127,0,0.223529)
         1: (255,127,  0, 54) #FF7F0036 srgba(255,127,0,0.211765)
         1: (255,127,  0, 53) #FF7F0035 srgba(255,127,0,0.207843)
         1: (255,127,  0, 40) #FF7F0028 srgba(255,127,0,0.156863)
         1: (255,127,  0,224) #FF7F00E0 srgba(255,127,0,0.878431)
         1: (255,127,  0,124) #FF7F007C srgba(255,127,0,0.486275)
         1: (255,127,  0,185) #FF7F00B9 srgba(255,127,0,0.72549)
         1: (255,127,  0,186) #FF7F00BA srgba(255,127,0,0.729412)
         1: (255,127,  0,189) #FF7F00BD srgba(255,127,0,0.741176)
         1: (255,127,  0,223) #FF7F00DF srgba(255,127,0,0.87451)
         1: (255,127,  0,191) #FF7F00BF srgba(255,127,0,0.74902)
         1: (255,127,  0,194) #FF7F00C2 srgba(255,127,0,0.760784)
         1: (255,127,  0, 34) #FF7F0022 srgba(255,127,0,0.133333)
         1: (255,127,  0,207) #FF7F00CF srgba(255,127,0,0.811765)
         1: (255,127,  0,209) #FF7F00D1 srgba(255,127,0,0.819608)
         1: (255,127,  0,253) #FF7F00FD srgba(255,127,0,0.992157)
         1: (255,127,  0,252) #FF7F00FC srgba(255,127,0,0.988235)
         1: (255,127,  0,211) #FF7F00D3 srgba(255,127,0,0.827451)
         1: (255,127,  0,215) #FF7F00D7 srgba(255,127,0,0.843137)
         1: (255,127,  0,216) #FF7F00D8 srgba(255,127,0,0.847059)
         1: (255,127,  0,237) #FF7F00ED srgba(255,127,0,0.929412)
         1: (255,127,  0, 29) #FF7F001D srgba(255,127,0,0.113725)
         1: (255,127,  0, 10) #FF7F000A srgba(255,127,0,0.0392157)
         1: (255,127,  0, 12) #FF7F000C srgba(255,127,0,0.0470588)
         1: (255,127,  0,221) #FF7F00DD srgba(255,127,0,0.866667)
         1: (255,127,  0, 88) #FF7F0058 srgba(255,127,0,0.345098)
         1: (255,127,  0, 18) #FF7F0012 srgba(255,127,0,0.0705882)
         1: (255,127,  0, 15) #FF7F000F srgba(255,127,0,0.0588235)
         1: (255,127,  0, 14) #FF7F000E srgba(255,127,0,0.054902)
       218: (255,127,  1,255) #FF7F01FF srgba(255,127,1,1)
         1: (255,127,  1,183) #FF7F01B7 srgba(255,127,1,0.717647)
         1: (255,127,  1, 44) #FF7F012C srgba(255,127,1,0.172549)
         1: (255,127,  1,254) #FF7F01FE srgba(255,127,1,0.996078)
         1: (255,127,  1,249) #FF7F01F9 srgba(255,127,1,0.976471)
         1: (255,127,  1,  8) #FF7F0108 srgba(255,127,1,0.0313725)
         1: (255,127,  1,164) #FF7F01A4 srgba(255,127,1,0.643137)
         1: (255,127,  1, 14) #FF7F010E srgba(255,127,1,0.054902)
         1: (255,127,  1,  4) #FF7F0104 srgba(255,127,1,0.0156863)
         1: (255,127,  1,  2) #FF7F0102 srgba(255,127,1,0.00784314)
         1: (255,127,  3,250) #FF7F03FA srgba(255,127,3,0.980392)
         3: (255,128,  0,  3) #FF800003 srgba(255,128,0,0.0117647)
         1: (255,128,  0, 11) #FF80000B srgba(255,128,0,0.0431373)
         1: (255,128,  0, 39) #FF800027 srgba(255,128,0,0.152941)
       242: (255,128,  1,255) #FF8001FF srgba(255,128,1,1)
         3: (255,128,  1,  3) #FF800103 srgba(255,128,1,0.0117647)
         2: (255,128,  1, 11) #FF80010B srgba(255,128,1,0.0431373)
         2: (255,128,  1,  5) #FF800105 srgba(255,128,1,0.0196078)
         2: (255,128,  1,  6) #FF800106 srgba(255,128,1,0.0235294)
         1: (255,128,  1, 27) #FF80011B srgba(255,128,1,0.105882)
         1: (255,128,  1,  9) #FF800109 srgba(255,128,1,0.0352941)
         1: (255,128,  1, 67) #FF800143 srgba(255,128,1,0.262745)
         1: (255,128,  1, 10) #FF80010A srgba(255,128,1,0.0392157)
         1: (255,128,  1, 12) #FF80010C srgba(255,128,1,0.0470588)
         1: (255,128,  1, 89) #FF800159 srgba(255,128,1,0.34902)
         1: (255,128,  1, 17) #FF800111 srgba(255,128,1,0.0666667)
       455: (255,128,  2,255) #FF8002FF srgba(255,128,2,1)
         3: (255,128,  2,  8) #FF800208 srgba(255,128,2,0.0313725)
         2: (255,128,  2, 20) #FF800214 srgba(255,128,2,0.0784314)
         2: (255,128,  2,  9) #FF800209 srgba(255,128,2,0.0352941)
         1: (255,128,  2, 26) #FF80021A srgba(255,128,2,0.101961)
         1: (255,128,  2,134) #FF800286 srgba(255,128,2,0.52549)
         1: (255,128,  2, 10) #FF80020A srgba(255,128,2,0.0392157)
         1: (255,128,  2, 12) #FF80020C srgba(255,128,2,0.0470588)
         1: (255,128,  2,145) #FF800291 srgba(255,128,2,0.568627)
         1: (255,128,  2, 22) #FF800216 srgba(255,128,2,0.0862745)
         1: (255,128,  2,  7) #FF800207 srgba(255,128,2,0.027451)
         1: (255,128,  2,205) #FF8002CD srgba(255,128,2,0.803922)
       165: (255,128,  3,255) #FF8003FF srgba(255,128,3,1)
         2: (255,128,  3,104) #FF800368 srgba(255,128,3,0.407843)
         1: (255,128,  3, 76) #FF80034C srgba(255,128,3,0.298039)
         1: (255,128,  3, 36) #FF800324 srgba(255,128,3,0.141176)
         1: (255,128,  3, 20) #FF800314 srgba(255,128,3,0.0784314)
         1: (255,128,  3, 12) #FF80030C srgba(255,128,3,0.0470588)
         1: (255,128,  3, 34) #FF800322 srgba(255,128,3,0.133333)
         1: (255,128,  3, 44) #FF80032C srgba(255,128,3,0.172549)
         1: (255,128,  3, 46) #FF80032E srgba(255,128,3,0.180392)
         1: (255,128,  3,134) #FF800386 srgba(255,128,3,0.52549)
         1: (255,128,  3, 14) #FF80030E srgba(255,128,3,0.054902)
         1: (255,128,  3, 26) #FF80031A srgba(255,128,3,0.101961)
         1: (255,128,  4,236) #FF8004EC srgba(255,128,4,0.92549)
         1: (255,128,  5,254) #FF8005FE srgba(255,128,5,0.996078)
         1: (255,128,  5,242) #FF8005F2 srgba(255,128,5,0.94902)
         1: (255,128,  5,238) #FF8005EE srgba(255,128,5,0.933333)
         3: (255,129,  2,  9) #FF810209 srgba(255,129,2,0.0352941)
         1: (255,129,  2, 27) #FF81021B srgba(255,129,2,0.105882)
         1: (255,129,  2, 25) #FF810219 srgba(255,129,2,0.0980392)
       261: (255,129,  3,255) #FF8103FF srgba(255,129,3,1)
         2: (255,129,  3, 57) #FF810339 srgba(255,129,3,0.223529)
         1: (255,129,  3, 73) #FF810349 srgba(255,129,3,0.286275)
         1: (255,129,  3, 35) #FF810323 srgba(255,129,3,0.137255)
         1: (255,129,  3, 55) #FF810337 srgba(255,129,3,0.215686)
         1: (255,129,  3, 17) #FF810311 srgba(255,129,3,0.0666667)
         1: (255,129,  3,107) #FF81036B srgba(255,129,3,0.419608)
         1: (255,129,  3, 65) #FF810341 srgba(255,129,3,0.254902)
         1: (255,129,  3, 31) #FF81031F srgba(255,129,3,0.121569)
         1: (255,129,  3, 41) #FF810329 srgba(255,129,3,0.160784)
         1: (255,129,  3, 77) #FF81034D srgba(255,129,3,0.301961)
         1: (255,129,  3, 33) #FF810321 srgba(255,129,3,0.129412)
         1: (255,129,  3, 20) #FF810314 srgba(255,129,3,0.0784314)
         1: (255,129,  3,183) #FF8103B7 srgba(255,129,3,0.717647)
         1: (255,129,  3, 13) #FF81030D srgba(255,129,3,0.0509804)
       432: (255,129,  4,255) #FF8104FF srgba(255,129,4,1)
         2: (255,129,  4, 14) #FF81040E srgba(255,129,4,0.054902)
         2: (255,129,  4, 13) #FF81040D srgba(255,129,4,0.0509804)
         1: (255,129,  4, 35) #FF810423 srgba(255,129,4,0.137255)
         1: (255,129,  4, 36) #FF810424 srgba(255,129,4,0.141176)
         1: (255,129,  4, 15) #FF81040F srgba(255,129,4,0.0588235)
         1: (255,129,  4, 29) #FF81041D srgba(255,129,4,0.113725)
         1: (255,129,  4, 19) #FF810413 srgba(255,129,4,0.0745098)
         1: (255,129,  4, 18) #FF810412 srgba(255,129,4,0.0705882)
         1: (255,129,  4,161) #FF8104A1 srgba(255,129,4,0.631373)
         1: (255,129,  4, 33) #FF810421 srgba(255,129,4,0.129412)
       201: (255,129,  5,255) #FF8105FF srgba(255,129,5,1)
         1: (255,129,  5, 20) #FF810514 srgba(255,129,5,0.0784314)
         1: (255,129,  5, 22) #FF810516 srgba(255,129,5,0.0862745)
         1: (255,129,  5,138) #FF81058A srgba(255,129,5,0.541176)
         1: (255,129,  6,128) #FF810680 srgba(255,129,6,0.501961)
         1: (255,130,  4, 27) #FF82041B srgba(255,130,4,0.105882)
         1: (255,130,  4, 41) #FF820429 srgba(255,130,4,0.160784)
         1: (255,130,  4, 17) #FF820411 srgba(255,130,4,0.0666667)
       215: (255,130,  5,255) #FF8205FF srgba(255,130,5,1)
         1: (255,130,  5, 23) #FF820517 srgba(255,130,5,0.0901961)
         1: (255,130,  5, 25) #FF820519 srgba(255,130,5,0.0980392)
         1: (255,130,  5, 47) #FF82052F srgba(255,130,5,0.184314)
       422: (255,130,  6,255) #FF8206FF srgba(255,130,6,1)
         2: (255,130,  6, 36) #FF820624 srgba(255,130,6,0.141176)
         1: (255,130,  6,217) #FF8206D9 srgba(255,130,6,0.85098)
         1: (255,130,  6, 30) #FF82061E srgba(255,130,6,0.117647)
         1: (255,130,  6, 24) #FF820618 srgba(255,130,6,0.0941176)
         1: (255,130,  6,124) #FF82067C srgba(255,130,6,0.486275)
         1: (255,130,  6,214) #FF8206D6 srgba(255,130,6,0.839216)
         1: (255,130,  6, 46) #FF82062E srgba(255,130,6,0.180392)
         1: (255,130,  6, 26) #FF82061A srgba(255,130,6,0.101961)
         1: (255,130,  6, 18) #FF820612 srgba(255,130,6,0.0705882)
         1: (255,130,  6, 45) #FF82062D srgba(255,130,6,0.176471)
         1: (255,130,  6, 41) #FF820629 srgba(255,130,6,0.160784)
         1: (255,130,  6, 50) #FF820632 srgba(255,130,6,0.196078)
       189: (255,130,  7,255) #FF8207FF srgba(255,130,7,1)
         1: (255,130,  7,215) #FF8207D7 srgba(255,130,7,0.843137)
         1: (255,130,  7,249) #FF8207F9 srgba(255,130,7,0.976471)
         1: (255,130,  8,192) #FF8208C0 srgba(255,130,8,0.752941)
       248: (255,131,  7,255) #FF8307FF srgba(255,131,7,1)
         1: (255,131,  7,120) #FF830778 srgba(255,131,7,0.470588)
         1: (255,131,  7, 35) #FF830723 srgba(255,131,7,0.137255)
         1: (255,131,  7, 29) #FF83071D srgba(255,131,7,0.113725)
         1: (255,131,  7, 23) #FF830717 srgba(255,131,7,0.0901961)
         1: (255,131,  7,200) #FF8307C8 srgba(255,131,7,0.784314)
         1: (255,131,  7, 31) #FF83071F srgba(255,131,7,0.121569)
       420: (255,131,  8,255) #FF8308FF srgba(255,131,8,1)
         1: (255,131,  8,112) #FF830870 srgba(255,131,8,0.439216)
         1: (255,131,  8, 48) #FF830830 srgba(255,131,8,0.188235)
         1: (255,131,  8, 49) #FF830831 srgba(255,131,8,0.192157)
         1: (255,131,  8, 32) #FF830820 srgba(255,131,8,0.12549)
         1: (255,131,  8,240) #FF8308F0 srgba(255,131,8,0.941176)
         1: (255,131,  8, 26) #FF83081A srgba(255,131,8,0.101961)
         1: (255,131,  8,116) #FF830874 srgba(255,131,8,0.454902)
         1: (255,131,  8, 50) #FF830832 srgba(255,131,8,0.196078)
         1: (255,131,  8, 40) #FF830828 srgba(255,131,8,0.156863)
       157: (255,131,  9,255) #FF8309FF srgba(255,131,9,1)
         1: (255,131,  9, 28) #FF83091C srgba(255,131,9,0.109804)
         1: (255,131,  9, 66) #FF830942 srgba(255,131,9,0.258824)
         1: (255,131,  9, 62) #FF83093E srgba(255,131,9,0.243137)
         1: (255,131,  9, 70) #FF830946 srgba(255,131,9,0.27451)
         1: (255,132,  8,187) #FF8408BB srgba(255,132,8,0.733333)
       250: (255,132,  9,255) #FF8409FF srgba(255,132,9,1)
         1: (255,132,  9,193) #FF8409C1 srgba(255,132,9,0.756863)
         1: (255,132,  9, 43) #FF84092B srgba(255,132,9,0.168627)
         1: (255,132,  9, 39) #FF840927 srgba(255,132,9,0.152941)
       403: (255,132, 10,255) #FF840AFF srgba(255,132,10,1)
         2: (255,132, 10, 44) #FF840A2C srgba(255,132,10,0.172549)
         1: (255,132, 10,116) #FF840A74 srgba(255,132,10,0.454902)
         1: (255,132, 10, 62) #FF840A3E srgba(255,132,10,0.243137)
         1: (255,132, 10, 51) #FF840A33 srgba(255,132,10,0.2)
         1: (255,132, 10, 46) #FF840A2E srgba(255,132,10,0.180392)
         1: (255,132, 10,175) #FF840AAF srgba(255,132,10,0.686275)
         1: (255,132, 10,238) #FF840AEE srgba(255,132,10,0.933333)
         1: (255,132, 10,179) #FF840AB3 srgba(255,132,10,0.701961)
         1: (255,132, 10,163) #FF840AA3 srgba(255,132,10,0.639216)
       151: (255,132, 11,255) #FF840BFF srgba(255,132,11,1)
         1: (255,133, 10,173) #FF850AAD srgba(255,133,10,0.678431)
       237: (255,133, 11,255) #FF850BFF srgba(255,133,11,1)
         1: (255,133, 11, 49) #FF850B31 srgba(255,133,11,0.192157)
         1: (255,133, 11,151) #FF850B97 srgba(255,133,11,0.592157)
         1: (255,133, 11,167) #FF850BA7 srgba(255,133,11,0.654902)
         1: (255,133, 11,153) #FF850B99 srgba(255,133,11,0.6)
       430: (255,133, 12,255) #FF850CFF srgba(255,133,12,1)
         1: (255,133, 12, 42) #FF850C2A srgba(255,133,12,0.164706)
         1: (255,133, 12,234) #FF850CEA srgba(255,133,12,0.917647)
         1: (255,133, 12,148) #FF850C94 srgba(255,133,12,0.580392)
         1: (255,133, 12,142) #FF850C8E srgba(255,133,12,0.556863)
         1: (255,133, 12,128) #FF850C80 srgba(255,133,12,0.501961)
       108: (255,133, 13,255) #FF850DFF srgba(255,133,13,1)
         1: (255,133, 13, 94) #FF850D5E srgba(255,133,13,0.368627)
         1: (255,133, 13, 84) #FF850D54 srgba(255,133,13,0.329412)
         1: (255,133, 13,154) #FF850D9A srgba(255,133,13,0.603922)
         1: (255,133, 14,254) #FF850EFE srgba(255,133,14,0.996078)
       250: (255,134, 13,255) #FF860DFF srgba(255,134,13,1)
         1: (255,134, 13, 75) #FF860D4B srgba(255,134,13,0.294118)
         1: (255,134, 13, 56) #FF860D38 srgba(255,134,13,0.219608)
         1: (255,134, 13,155) #FF860D9B srgba(255,134,13,0.607843)
       361: (255,134, 14,255) #FF860EFF srgba(255,134,14,1)
         2: (255,134, 14,140) #FF860E8C srgba(255,134,14,0.54902)
         1: (255,134, 14,102) #FF860E66 srgba(255,134,14,0.4)
         1: (255,134, 14, 43) #FF860E2B srgba(255,134,14,0.168627)
         1: (255,134, 14,233) #FF860EE9 srgba(255,134,14,0.913725)
         1: (255,134, 14, 87) #FF860E57 srgba(255,134,14,0.341176)
         1: (255,134, 14, 58) #FF860E3A srgba(255,134,14,0.227451)
         1: (255,134, 14, 64) #FF860E40 srgba(255,134,14,0.25098)
       151: (255,134, 15,255) #FF860FFF srgba(255,134,15,1)
         1: (255,134, 15, 74) #FF860F4A srgba(255,134,15,0.290196)
         1: (255,134, 15, 64) #FF860F40 srgba(255,134,15,0.25098)
         1: (255,134, 15,254) #FF860FFE srgba(255,134,15,0.996078)
         1: (255,134, 15,158) #FF860F9E srgba(255,134,15,0.619608)
         1: (255,134, 16,252) #FF8610FC srgba(255,134,16,0.988235)
         1: (255,135, 14, 61) #FF870E3D srgba(255,135,14,0.239216)
       237: (255,135, 15,255) #FF870FFF srgba(255,135,15,1)
         1: (255,135, 15, 67) #FF870F43 srgba(255,135,15,0.262745)
         1: (255,135, 15,137) #FF870F89 srgba(255,135,15,0.537255)
         1: (255,135, 15,161) #FF870FA1 srgba(255,135,15,0.631373)
         1: (255,135, 15, 81) #FF870F51 srgba(255,135,15,0.317647)
       357: (255,135, 16,255) #FF8710FF srgba(255,135,16,1)
         1: (255,135, 16,229) #FF8710E5 srgba(255,135,16,0.898039)
         1: (255,135, 16,253) #FF8710FD srgba(255,135,16,0.992157)
       114: (255,135, 17,255) #FF8711FF srgba(255,135,17,1)
         1: (255,135, 17,160) #FF8711A0 srgba(255,135,17,0.627451)
         1: (255,135, 17, 90) #FF87115A srgba(255,135,17,0.352941)
         1: (255,135, 17,104) #FF871168 srgba(255,135,17,0.407843)
         1: (255,135, 18,248) #FF8712F8 srgba(255,135,18,0.972549)
         1: (255,136, 16,119) #FF881077 srgba(255,136,16,0.466667)
       272: (255,136, 17,255) #FF8811FF srgba(255,136,17,1)
         1: (255,136, 17,153) #FF881199 srgba(255,136,17,0.6)
         1: (255,136, 17,139) #FF88118B srgba(255,136,17,0.545098)
         1: (255,136, 17, 63) #FF88113F srgba(255,136,17,0.247059)
         1: (255,136, 17, 53) #FF881135 srgba(255,136,17,0.207843)
         1: (255,136, 17,167) #FF8811A7 srgba(255,136,17,0.654902)
       324: (255,136, 18,255) #FF8812FF srgba(255,136,18,1)
         1: (255,136, 18,251) #FF8812FB srgba(255,136,18,0.984314)
         1: (255,136, 18, 88) #FF881258 srgba(255,136,18,0.345098)
         1: (255,136, 18,229) #FF8812E5 srgba(255,136,18,0.898039)
         1: (255,136, 18, 67) #FF881243 srgba(255,136,18,0.262745)
         1: (255,136, 18,105) #FF881269 srgba(255,136,18,0.411765)
        90: (255,136, 19,255) #FF8813FF srgba(255,136,19,1)
         1: (255,137, 18,247) #FF8912F7 srgba(255,137,18,0.968627)
         1: (255,137, 18, 85) #FF891255 srgba(255,137,18,0.333333)
       283: (255,137, 19,255) #FF8913FF srgba(255,137,19,1)
         1: (255,137, 19,173) #FF8913AD srgba(255,137,19,0.678431)
         1: (255,137, 19,165) #FF8913A5 srgba(255,137,19,0.647059)
         1: (255,137, 19, 92) #FF89135C srgba(255,137,19,0.360784)
         1: (255,137, 19, 83) #FF891353 srgba(255,137,19,0.32549)
         1: (255,137, 19,132) #FF891384 srgba(255,137,19,0.517647)
       338: (255,137, 20,255) #FF8914FF srgba(255,137,20,1)
         1: (255,137, 20,249) #FF8914F9 srgba(255,137,20,0.976471)
         1: (255,137, 20,163) #FF8914A3 srgba(255,137,20,0.639216)
         1: (255,137, 20,110) #FF89146E srgba(255,137,20,0.431373)
         1: (255,137, 20,233) #FF8914E9 srgba(255,137,20,0.913725)
        92: (255,137, 21,255) #FF8915FF srgba(255,137,21,1)
         1: (255,137, 21, 86) #FF891556 srgba(255,137,21,0.337255)
         1: (255,137, 22,250) #FF8916FA srgba(255,137,22,0.980392)
       252: (255,138, 21,255) #FF8A15FF srgba(255,138,21,1)
         2: (255,138, 21, 89) #FF8A1559 srgba(255,138,21,0.34902)
         1: (255,138, 21,154) #FF8A159A srgba(255,138,21,0.603922)
         1: (255,138, 21,247) #FF8A15F7 srgba(255,138,21,0.968627)
         1: (255,138, 21, 95) #FF8A155F srgba(255,138,21,0.372549)
         1: (255,138, 21,143) #FF8A158F srgba(255,138,21,0.560784)
         1: (255,138, 21,249) #FF8A15F9 srgba(255,138,21,0.976471)
         1: (255,138, 21, 73) #FF8A1549 srgba(255,138,21,0.286275)
       335: (255,138, 22,255) #FF8A16FF srgba(255,138,22,1)
         1: (255,138, 22, 71) #FF8A1647 srgba(255,138,22,0.278431)
         1: (255,138, 22,184) #FF8A16B8 srgba(255,138,22,0.721569)
         1: (255,138, 22,190) #FF8A16BE srgba(255,138,22,0.745098)
        72: (255,138, 23,255) #FF8A17FF srgba(255,138,23,1)
         1: (255,138, 23,241) #FF8A17F1 srgba(255,138,23,0.945098)
         1: (255,138, 24,252) #FF8A18FC srgba(255,138,24,0.988235)
       226: (255,139, 23,255) #FF8B17FF srgba(255,139,23,1)
         1: (255,139, 23,135) #FF8B1787 srgba(255,139,23,0.529412)
         1: (255,139, 23,115) #FF8B1773 srgba(255,139,23,0.45098)
       356: (255,139, 24,255) #FF8B18FF srgba(255,139,24,1)
         1: (255,139, 24,180) #FF8B18B4 srgba(255,139,24,0.705882)
         1: (255,139, 24,103) #FF8B1867 srgba(255,139,24,0.403922)
         1: (255,139, 24,107) #FF8B186B srgba(255,139,24,0.419608)
        54: (255,139, 25,255) #FF8B19FF srgba(255,139,25,1)
         1: (255,140, 24,129) #FF8C1881 srgba(255,140,24,0.505882)
       242: (255,140, 25,255) #FF8C19FF srgba(255,140,25,1)
         2: (255,140, 25,245) #FF8C19F5 srgba(255,140,25,0.960784)
         1: (255,140, 25,251) #FF8C19FB srgba(255,140,25,0.984314)
         1: (255,140, 25,169) #FF8C19A9 srgba(255,140,25,0.662745)
         1: (255,140, 25,163) #FF8C19A3 srgba(255,140,25,0.639216)
       317: (255,140, 26,255) #FF8C1AFF srgba(255,140,26,1)
         1: (255,140, 26,168) #FF8C1AA8 srgba(255,140,26,0.658824)
         1: (255,140, 26,149) #FF8C1A95 srgba(255,140,26,0.584314)
         1: (255,140, 26,139) #FF8C1A8B srgba(255,140,26,0.545098)
         1: (255,140, 26,209) #FF8C1AD1 srgba(255,140,26,0.819608)
         1: (255,140, 26,253) #FF8C1AFD srgba(255,140,26,0.992157)
        48: (255,140, 27,255) #FF8C1BFF srgba(255,140,27,1)
         1: (255,140, 27,144) #FF8C1B90 srgba(255,140,27,0.564706)
         1: (255,140, 28,254) #FF8C1CFE srgba(255,140,28,0.996078)
         1: (255,141, 26, 83) #FF8D1A53 srgba(255,141,26,0.32549)
       246: (255,141, 27,255) #FF8D1BFF srgba(255,141,27,1)
         1: (255,141, 27,125) #FF8D1B7D srgba(255,141,27,0.490196)
         1: (255,141, 27,210) #FF8D1BD2 srgba(255,141,27,0.823529)
         1: (255,141, 27, 93) #FF8D1B5D srgba(255,141,27,0.364706)
         1: (255,141, 27,249) #FF8D1BF9 srgba(255,141,27,0.976471)
         1: (255,141, 27,113) #FF8D1B71 srgba(255,141,27,0.443137)
       320: (255,141, 28,255) #FF8D1CFF srgba(255,141,28,1)
         1: (255,141, 28,125) #FF8D1C7D srgba(255,141,28,0.490196)
         1: (255,141, 28,145) #FF8D1C91 srgba(255,141,28,0.568627)
         1: (255,141, 28,251) #FF8D1CFB srgba(255,141,28,0.984314)
         1: (255,141, 28,243) #FF8D1CF3 srgba(255,141,28,0.952941)
        42: (255,141, 29,255) #FF8D1DFF srgba(255,141,29,1)
         1: (255,141, 29,198) #FF8D1DC6 srgba(255,141,29,0.776471)
       235: (255,142, 29,255) #FF8E1DFF srgba(255,142,29,1)
       315: (255,142, 30,255) #FF8E1EFF srgba(255,142,30,1)
         1: (255,142, 30,186) #FF8E1EBA srgba(255,142,30,0.729412)
         1: (255,142, 30,228) #FF8E1EE4 srgba(255,142,30,0.894118)
         1: (255,142, 30,253) #FF8E1EFD srgba(255,142,30,0.992157)
         1: (255,142, 30,137) #FF8E1E89 srgba(255,142,30,0.537255)
         1: (255,142, 30,132) #FF8E1E84 srgba(255,142,30,0.517647)
        42: (255,142, 31,255) #FF8E1FFF srgba(255,142,31,1)
         1: (255,142, 31,192) #FF8E1FC0 srgba(255,142,31,0.752941)
         1: (255,142, 32,252) #FF8E20FC srgba(255,142,32,0.988235)
       222: (255,143, 31,255) #FF8F1FFF srgba(255,143,31,1)
         1: (255,143, 31,247) #FF8F1FF7 srgba(255,143,31,0.968627)
       301: (255,143, 32,255) #FF8F20FF srgba(255,143,32,1)
         1: (255,143, 32,181) #FF8F20B5 srgba(255,143,32,0.709804)
         1: (255,143, 32,230) #FF8F20E6 srgba(255,143,32,0.901961)
         1: (255,143, 32,135) #FF8F2087 srgba(255,143,32,0.529412)
        22: (255,143, 33,255) #FF8F21FF srgba(255,143,33,1)
         1: (255,143, 33,144) #FF8F2190 srgba(255,143,33,0.564706)
         1: (255,144, 32,159) #FF90209F srgba(255,144,32,0.623529)
         1: (255,144, 32,137) #FF902089 srgba(255,144,32,0.537255)
       222: (255,144, 33,255) #FF9021FF srgba(255,144,33,1)
         1: (255,144, 33,239) #FF9021EF srgba(255,144,33,0.937255)
         1: (255,144, 33,145) #FF902191 srgba(255,144,33,0.568627)
         1: (255,144, 33,206) #FF9021CE srgba(255,144,33,0.807843)
       269: (255,144, 34,255) #FF9022FF srgba(255,144,34,1)
         1: (255,144, 34,148) #FF902294 srgba(255,144,34,0.580392)
         1: (255,144, 34,214) #FF9022D6 srgba(255,144,34,0.839216)
         1: (255,144, 34,107) #FF90226B srgba(255,144,34,0.419608)
        15: (255,144, 35,255) #FF9023FF srgba(255,144,35,1)
         1: (255,144, 35,163) #FF9023A3 srgba(255,144,35,0.639216)
         1: (255,144, 35,196) #FF9023C4 srgba(255,144,35,0.768627)
         1: (255,144, 35,252) #FF9023FC srgba(255,144,35,0.988235)
         1: (255,144, 35,180) #FF9023B4 srgba(255,144,35,0.705882)
         1: (255,144, 36,182) #FF9024B6 srgba(255,144,36,0.713725)
       266: (255,145, 35,255) #FF9123FF srgba(255,145,35,1)
       228: (255,145, 36,255) #FF9124FF srgba(255,145,36,1)
         1: (255,145, 36,142) #FF91248E srgba(255,145,36,0.556863)
         1: (255,145, 36,152) #FF912498 srgba(255,145,36,0.596078)
         1: (255,145, 36,245) #FF9124F5 srgba(255,145,36,0.960784)
         1: (255,145, 36,154) #FF91249A srgba(255,145,36,0.603922)
        12: (255,145, 37,255) #FF9125FF srgba(255,145,37,1)
         1: (255,145, 37,224) #FF9125E0 srgba(255,145,37,0.878431)
         1: (255,146, 36,249) #FF9224F9 srgba(255,146,36,0.976471)
         1: (255,146, 36,151) #FF922497 srgba(255,146,36,0.592157)
       250: (255,146, 37,255) #FF9225FF srgba(255,146,37,1)
       233: (255,146, 38,255) #FF9226FF srgba(255,146,38,1)
         1: (255,146, 38,216) #FF9226D8 srgba(255,146,38,0.847059)
         1: (255,146, 38,162) #FF9226A2 srgba(255,146,38,0.635294)
         2: (255,146, 39,254) #FF9227FE srgba(255,146,39,0.996078)
         2: (255,146, 39,255) #FF9227FF srgba(255,146,39,1)
         1: (255,146, 39,164) #FF9227A4 srgba(255,146,39,0.643137)
         1: (255,146, 39,189) #FF9227BD srgba(255,146,39,0.741176)
         1: (255,146, 39,122) #FF92277A srgba(255,146,39,0.478431)
       253: (255,147, 39,255) #FF9327FF srgba(255,147,39,1)
         1: (255,147, 39,155) #FF93279B srgba(255,147,39,0.607843)
         1: (255,147, 39,237) #FF9327ED srgba(255,147,39,0.929412)
         1: (255,147, 39,253) #FF9327FD srgba(255,147,39,0.992157)
       204: (255,147, 40,255) #FF9328FF srgba(255,147,40,1)
         1: (255,147, 40,208) #FF9328D0 srgba(255,147,40,0.815686)
         1: (255,147, 40,131) #FF932883 srgba(255,147,40,0.513725)
         1: (255,147, 40,171) #FF9328AB srgba(255,147,40,0.670588)
         1: (255,147, 41,235) #FF9329EB srgba(255,147,41,0.921569)
         1: (255,147, 41,185) #FF9329B9 srgba(255,147,41,0.72549)
         1: (255,147, 41,222) #FF9329DE srgba(255,147,41,0.870588)
         1: (255,148, 40,169) #FF9428A9 srgba(255,148,40,0.662745)
       237: (255,148, 41,255) #FF9429FF srgba(255,148,41,1)
         1: (255,148, 41,195) #FF9429C3 srgba(255,148,41,0.764706)
       214: (255,148, 42,255) #FF942AFF srgba(255,148,42,1)
         1: (255,148, 42,177) #FF942AB1 srgba(255,148,42,0.694118)
         1: (255,148, 42,180) #FF942AB4 srgba(255,148,42,0.705882)
         1: (255,148, 42,152) #FF942A98 srgba(255,148,42,0.596078)
         1: (255,148, 42,175) #FF942AAF srgba(255,148,42,0.686275)
         1: (255,148, 43,134) #FF942B86 srgba(255,148,43,0.52549)
         1: (255,148, 43,182) #FF942BB6 srgba(255,148,43,0.713725)
         1: (255,148, 43,156) #FF942B9C srgba(255,148,43,0.611765)
         1: (255,148, 43,184) #FF942BB8 srgba(255,148,43,0.721569)
         1: (255,148, 43,252) #FF942BFC srgba(255,148,43,0.988235)
         1: (255,148, 43,248) #FF942BF8 srgba(255,148,43,0.972549)
        10: (255,149, 42,255) #FF952AFF srgba(255,149,42,1)
       206: (255,149, 43,255) #FF952BFF srgba(255,149,43,1)
         1: (255,149, 43,186) #FF952BBA srgba(255,149,43,0.729412)
         1: (255,149, 43,231) #FF952BE7 srgba(255,149,43,0.905882)
       210: (255,149, 44,255) #FF952CFF srgba(255,149,44,1)
         1: (255,149, 44,195) #FF952CC3 srgba(255,149,44,0.764706)
         1: (255,149, 45,204) #FF952DCC srgba(255,149,45,0.8)
         1: (255,149, 45,216) #FF952DD8 srgba(255,149,45,0.847059)
         1: (255,149, 45,238) #FF952DEE srgba(255,149,45,0.933333)
         4: (255,150, 44,255) #FF962CFF srgba(255,150,44,1)
       197: (255,150, 45,255) #FF962DFF srgba(255,150,45,1)
         1: (255,150, 45,193) #FF962DC1 srgba(255,150,45,0.756863)
       198: (255,150, 46,255) #FF962EFF srgba(255,150,46,1)
         1: (255,150, 46,245) #FF962EF5 srgba(255,150,46,0.960784)
         1: (255,150, 46,205) #FF962ECD srgba(255,150,46,0.803922)
         1: (255,150, 46,219) #FF962EDB srgba(255,150,46,0.858824)
         1: (255,150, 46,147) #FF962E93 srgba(255,150,46,0.576471)
         1: (255,150, 46,232) #FF962EE8 srgba(255,150,46,0.909804)
         1: (255,150, 46,250) #FF962EFA srgba(255,150,46,0.980392)
        16: (255,151, 46,255) #FF972EFF srgba(255,151,46,1)
       180: (255,151, 47,255) #FF972FFF srgba(255,151,47,1)
         1: (255,151, 47,211) #FF972FD3 srgba(255,151,47,0.827451)
         1: (255,151, 47,251) #FF972FFB srgba(255,151,47,0.984314)
       177: (255,151, 48,255) #FF9730FF srgba(255,151,48,1)
         1: (255,151, 48,206) #FF9730CE srgba(255,151,48,0.807843)
         1: (255,151, 48,199) #FF9730C7 srgba(255,151,48,0.780392)
        19: (255,152, 48,255) #FF9830FF srgba(255,152,48,1)
       166: (255,152, 49,255) #FF9831FF srgba(255,152,49,1)
         1: (255,152, 49,211) #FF9831D3 srgba(255,152,49,0.827451)
         1: (255,152, 49,245) #FF9831F5 srgba(255,152,49,0.960784)
         1: (255,152, 49,215) #FF9831D7 srgba(255,152,49,0.843137)
         1: (255,152, 49,236) #FF9831EC srgba(255,152,49,0.92549)
       158: (255,152, 50,255) #FF9832FF srgba(255,152,50,1)
         1: (255,152, 50,250) #FF9832FA srgba(255,152,50,0.980392)
         1: (255,152, 50,211) #FF9832D3 srgba(255,152,50,0.827451)
         1: (255,152, 52,254) #FF9834FE srgba(255,152,52,0.996078)
        28: (255,153, 50,255) #FF9932FF srgba(255,153,50,1)
         1: (255,153, 50,213) #FF9932D5 srgba(255,153,50,0.835294)
       165: (255,153, 51,255) #FF9933FF srgba(255,153,51,1)
         1: (255,153, 51,235) #FF9933EB srgba(255,153,51,0.921569)
         1: (255,153, 51,167) #FF9933A7 srgba(255,153,51,0.654902)
       129: (255,153, 52,255) #FF9934FF srgba(255,153,52,1)
         1: (255,153, 53,236) #FF9935EC srgba(255,153,53,0.92549)
        22: (255,154, 52,255) #FF9A34FF srgba(255,154,52,1)
         1: (255,154, 52,225) #FF9A34E1 srgba(255,154,52,0.882353)
       164: (255,154, 53,255) #FF9A35FF srgba(255,154,53,1)
         1: (255,154, 53,231) #FF9A35E7 srgba(255,154,53,0.905882)
         1: (255,154, 53,233) #FF9A35E9 srgba(255,154,53,0.913725)
         1: (255,154, 53,216) #FF9A35D8 srgba(255,154,53,0.847059)
       126: (255,154, 54,255) #FF9A36FF srgba(255,154,54,1)
         1: (255,154, 54,250) #FF9A36FA srgba(255,154,54,0.980392)
         1: (255,154, 54,245) #FF9A36F5 srgba(255,154,54,0.960784)
         1: (255,154, 54,229) #FF9A36E5 srgba(255,154,54,0.898039)
         1: (255,154, 54,234) #FF9A36EA srgba(255,154,54,0.917647)
         2: (255,154, 55,228) #FF9A37E4 srgba(255,154,55,0.894118)
        18: (255,155, 54,255) #FF9B36FF srgba(255,155,54,1)
       158: (255,155, 55,255) #FF9B37FF srgba(255,155,55,1)
         1: (255,155, 55,247) #FF9B37F7 srgba(255,155,55,0.968627)
         1: (255,155, 55,188) #FF9B37BC srgba(255,155,55,0.737255)
         1: (255,155, 55,249) #FF9B37F9 srgba(255,155,55,0.976471)
        93: (255,155, 56,255) #FF9B38FF srgba(255,155,56,1)
         1: (255,155, 57,252) #FF9B39FC srgba(255,155,57,0.988235)
         1: (255,155, 57,241) #FF9B39F1 srgba(255,155,57,0.945098)
         2: (255,155, 58,254) #FF9B3AFE srgba(255,155,58,0.996078)
        16: (255,156, 56,255) #FF9C38FF srgba(255,156,56,1)
       156: (255,156, 57,255) #FF9C39FF srgba(255,156,57,1)
        76: (255,156, 58,255) #FF9C3AFF srgba(255,156,58,1)
         1: (255,156, 58,250) #FF9C3AFA srgba(255,156,58,0.980392)
         1: (255,156, 59,222) #FF9C3BDE srgba(255,156,59,0.870588)
        30: (255,157, 58,255) #FF9D3AFF srgba(255,157,58,1)
        96: (255,157, 59,255) #FF9D3BFF srgba(255,157,59,1)
         1: (255,157, 59,225) #FF9D3BE1 srgba(255,157,59,0.882353)
         1: (255,157, 59,249) #FF9D3BF9 srgba(255,157,59,0.976471)
        65: (255,157, 60,255) #FF9D3CFF srgba(255,157,60,1)
         1: (255,157, 60,253) #FF9D3CFD srgba(255,157,60,0.992157)
         6: (255,158, 60,255) #FF9E3CFF srgba(255,158,60,1)
        80: (255,158, 61,255) #FF9E3DFF srgba(255,158,61,1)
        54: (255,158, 62,255) #FF9E3EFF srgba(255,158,62,1)
         1: (255,158, 62,196) #FF9E3EC4 srgba(255,158,62,0.768627)
        11: (255,159, 62,255) #FF9F3EFF srgba(255,159,62,1)
        60: (255,159, 63,255) #FF9F3FFF srgba(255,159,63,1)
        56: (255,159, 64,255) #FF9F40FF srgba(255,159,64,1)
         1: (255,159, 64,216) #FF9F40D8 srgba(255,159,64,0.847059)
         1: (255,159, 65,254) #FF9F41FE srgba(255,159,65,0.996078)
        12: (255,160, 64,255) #FFA040FF srgba(255,160,64,1)
         1: (255,160, 64,253) #FFA040FD srgba(255,160,64,0.992157)
        53: (255,160, 65,255) #FFA041FF srgba(255,160,65,1)
        44: (255,160, 66,255) #FFA042FF srgba(255,160,66,1)
        30: (255,161, 66,255) #FFA142FF srgba(255,161,66,1)
         1: (255,161, 66,209) #FFA142D1 srgba(255,161,66,0.819608)
         1: (255,161, 66,231) #FFA142E7 srgba(255,161,66,0.905882)
        42: (255,161, 67,255) #FFA143FF srgba(255,161,67,1)
         1: (255,161, 67,211) #FFA143D3 srgba(255,161,67,0.827451)
        31: (255,161, 68,255) #FFA144FF srgba(255,161,68,1)
        28: (255,162, 68,255) #FFA244FF srgba(255,162,68,1)
        44: (255,162, 69,255) #FFA245FF srgba(255,162,69,1)
        30: (255,162, 70,255) #FFA246FF srgba(255,162,70,1)
         1: (255,162, 70,244) #FFA246F4 srgba(255,162,70,0.956863)
         1: (255,162, 70,254) #FFA246FE srgba(255,162,70,0.996078)
        26: (255,163, 70,255) #FFA346FF srgba(255,163,70,1)
        38: (255,163, 71,255) #FFA347FF srgba(255,163,71,1)
         1: (255,163, 71,223) #FFA347DF srgba(255,163,71,0.87451)
        28: (255,163, 72,255) #FFA348FF srgba(255,163,72,1)
         1: (255,163, 72,228) #FFA348E4 srgba(255,163,72,0.894118)
         1: (255,163, 72,226) #FFA348E2 srgba(255,163,72,0.886275)
        22: (255,164, 72,255) #FFA448FF srgba(255,164,72,1)
        43: (255,164, 73,255) #FFA449FF srgba(255,164,73,1)
        20: (255,164, 74,255) #FFA44AFF srgba(255,164,74,1)
        18: (255,165, 74,255) #FFA54AFF srgba(255,165,74,1)
         1: (255,165, 74,233) #FFA54AE9 srgba(255,165,74,0.913725)
        37: (255,165, 75,255) #FFA54BFF srgba(255,165,75,1)
         1: (255,165, 75,239) #FFA54BEF srgba(255,165,75,0.937255)
        12: (255,165, 76,255) #FFA54CFF srgba(255,165,76,1)
        20: (255,166, 76,255) #FFA64CFF srgba(255,166,76,1)
        34: (255,166, 77,255) #FFA64DFF srgba(255,166,77,1)
         1: (255,166, 77,253) #FFA64DFD srgba(255,166,77,0.992157)
        18: (255,166, 78,255) #FFA64EFF srgba(255,166,78,1)
        12: (255,167, 78,255) #FFA74EFF srgba(255,167,78,1)
        18: (255,167, 79,255) #FFA74FFF srgba(255,167,79,1)
        22: (255,167, 80,255) #FFA750FF srgba(255,167,80,1)
         1: (255,167, 81,254) #FFA751FE srgba(255,167,81,0.996078)
        14: (255,168, 80,255) #FFA850FF srgba(255,168,80,1)
       125: (255,168, 81,255) #FFA851FF srgba(255,168,81,1)
