         3: (242,121,  0,255) #F27900FF srgba(242,121,0,1)
        43: (243,121,  0,255) #F37900FF srgba(243,121,0,1)
        52: (243,122,  0,255) #F37A00FF srgba(243,122,0,1)
         9: (244,121,  0,255) #F47900FF srgba(244,121,0,1)
       187: (244,122,  0,255) #F47A00FF srgba(244,122,0,1)
        85: (245,122,  0,255) #F57A00FF srgba(245,122,0,1)
        24: (245,123,  0,255) #F57B00FF srgba(245,123,0,1)
         7: (246,122,  0,255) #F67A00FF srgba(246,122,0,1)
        66: (246,123,  0,255) #F67B00FF srgba(246,123,0,1)
        75: (247,123,  0,255) #F77B00FF srgba(247,123,0,1)
        11: (247,124,  0,255) #F77C00FF srgba(247,124,0,1)
         5: (248,123,  0,255) #F87B00FF srgba(248,123,0,1)
        67: (248,124,  0,255) #F87C00FF srgba(248,124,0,1)
        75: (249,124,  0,255) #F97C00FF srgba(249,124,0,1)
         7: (249,125,  0,255) #F97D00FF srgba(249,125,0,1)
        12: (250,124,  0,255) #FA7C00FF srgba(250,124,0,1)
        78: (250,125,  0,255) #FA7D00FF srgba(250,125,0,1)
        74: (251,125,  0,255) #FB7D00FF srgba(251,125,0,1)
         3: (251,126,  0,255) #FB7E00FF srgba(251,126,0,1)
        25: (252,125,  0,255) #FC7D00FF srgba(252,125,0,1)
        67: (252,126,  0,255) #FC7E00FF srgba(252,126,0,1)
        90: (253,126,  0,255) #FD7E00FF srgba(253,126,0,1)
        44: (254,126,  0,255) #FE7E00FF srgba(254,126,0,1)
       114: (254,127,  0,255) #FE7F00FF srgba(254,127,0,1)
      4833: (255,127,  0,255) #FF7F00FF srgba(255,127,0,1)
       125: (255,127,  1,255) #FF7F01FF srgba(255,127,1,1)
       122: (255,128,  1,255) #FF8001FF srgba(255,128,1,1)
       221: (255,128,  2,255) #FF8002FF srgba(255,128,2,1)
        57: (255,128,  3,255) #FF8003FF srgba(255,128,3,1)
         1: (255,128,  4,255) #FF8004FF srgba(255,128,4,1)
         2: (255,129,  2,255) #FF8102FF srgba(255,129,2,1)
        92: (255,129,  3,255) #FF8103FF srgba(255,129,3,1)
       178: (255,129,  4,255) #FF8104FF srgba(255,129,4,1)
        64: (255,129,  5,255) #FF8105FF srgba(255,129,5,1)
         8: (255,130,  4,255) #FF8204FF srgba(255,130,4,1)
       108: (255,130,  5,255) #FF8205FF srgba(255,130,5,1)
       168: (255,130,  6,255) #FF8206FF srgba(255,130,6,1)
        68: (255,130,  7,255) #FF8207FF srgba(255,130,7,1)
         4: (255,131,  6,255) #FF8306FF srgba(255,131,6,1)
       115: (255,131,  7,255) #FF8307FF srgba(255,131,7,1)
       183: (255,131,  8,255) #FF8308FF srgba(255,131,8,1)
        64: (255,131,  9,255) #FF8309FF srgba(255,131,9,1)
       100: (255,132,  9,255) #FF8409FF srgba(255,132,9,1)
       141: (255,132, 10,255) #FF840AFF srgba(255,132,10,1)
        72: (255,132, 11,255) #FF840BFF srgba(255,132,11,1)
         2: (255,133, 10,255) #FF850AFF srgba(255,133,10,1)
        89: (255,133, 11,255) #FF850BFF srgba(255,133,11,1)
       173: (255,133, 12,255) #FF850CFF srgba(255,133,12,1)
        62: (255,133, 13,255) #FF850DFF srgba(255,133,13,1)
         4: (255,134, 12,255) #FF860CFF srgba(255,134,12,1)
        98: (255,134, 13,255) #FF860DFF srgba(255,134,13,1)
       139: (255,134, 14,255) #FF860EFF srgba(255,134,14,1)
        67: (255,134, 15,255) #FF860FFF srgba(255,134,15,1)
       104: (255,135, 15,255) #FF870FFF srgba(255,135,15,1)
       143: (255,135, 16,255) #FF8710FF srgba(255,135,16,1)
        51: (255,135, 17,255) #FF8711FF srgba(255,135,17,1)
        83: (255,136, 17,255) #FF8811FF srgba(255,136,17,1)
       169: (255,136, 18,255) #FF8812FF srgba(255,136,18,1)
        24: (255,136, 19,255) #FF8813FF srgba(255,136,19,1)
         2: (255,137, 18,255) #FF8912FF srgba(255,137,18,1)
       111: (255,137, 19,255) #FF8913FF srgba(255,137,19,1)
       146: (255,137, 20,255) #FF8914FF srgba(255,137,20,1)
        57: (255,137, 21,255) #FF8915FF srgba(255,137,21,1)
         1: (255,137, 22,255) #FF8916FF srgba(255,137,22,1)
         4: (255,138, 20,255) #FF8A14FF srgba(255,138,20,1)
        76: (255,138, 21,255) #FF8A15FF srgba(255,138,21,1)
       130: (255,138, 22,255) #FF8A16FF srgba(255,138,22,1)
        17: (255,138, 23,255) #FF8A17FF srgba(255,138,23,1)
         8: (255,139, 22,255) #FF8B16FF srgba(255,139,22,1)
       114: (255,139, 23,255) #FF8B17FF srgba(255,139,23,1)
       128: (255,139, 24,255) #FF8B18FF srgba(255,139,24,1)
        26: (255,139, 25,255) #FF8B19FF srgba(255,139,25,1)
         4: (255,140, 24,255) #FF8C18FF srgba(255,140,24,1)
       112: (255,140, 25,255) #FF8C19FF srgba(255,140,25,1)
       131: (255,140, 26,255) #FF8C1AFF srgba(255,140,26,1)
        24: (255,140, 27,255) #FF8C1BFF srgba(255,140,27,1)
         6: (255,141, 26,255) #FF8D1AFF srgba(255,141,26,1)
        90: (255,141, 27,255) #FF8D1BFF srgba(255,141,27,1)
       109: (255,141, 28,255) #FF8D1CFF srgba(255,141,28,1)
        24: (255,141, 29,255) #FF8D1DFF srgba(255,141,29,1)
        23: (255,142, 28,255) #FF8E1CFF srgba(255,142,28,1)
        94: (255,142, 29,255) #FF8E1DFF srgba(255,142,29,1)
       111: (255,142, 30,255) #FF8E1EFF srgba(255,142,30,1)
        35: (255,142, 31,255) #FF8E1FFF srgba(255,142,31,1)
         2: (255,143, 30,255) #FF8F1EFF srgba(255,143,30,1)
        86: (255,143, 31,255) #FF8F1FFF srgba(255,143,31,1)
       119: (255,143, 32,255) #FF8F20FF srgba(255,143,32,1)
        19: (255,143, 33,255) #FF8F21FF srgba(255,143,33,1)
         6: (255,144, 32,255) #FF9020FF srgba(255,144,32,1)
        92: (255,144, 33,255) #FF9021FF srgba(255,144,33,1)
        93: (255,144, 34,255) #FF9022FF srgba(255,144,34,1)
        14: (255,144, 35,255) #FF9023FF srgba(255,144,35,1)
         6: (255,145, 34,255) #FF9122FF srgba(255,145,34,1)
        84: (255,145, 35,255) #FF9123FF srgba(255,145,35,1)
       107: (255,145, 36,255) #FF9124FF srgba(255,145,36,1)
         9: (255,145, 37,255) #FF9125FF srgba(255,145,37,1)
        21: (255,146, 36,255) #FF9224FF srgba(255,146,36,1)
        88: (255,146, 37,255) #FF9225FF srgba(255,146,37,1)
        95: (255,146, 38,255) #FF9226FF srgba(255,146,38,1)
        18: (255,146, 39,255) #FF9227FF srgba(255,146,39,1)
         4: (255,147, 38,255) #FF9326FF srgba(255,147,38,1)
        74: (255,147, 39,255) #FF9327FF srgba(255,147,39,1)
        95: (255,147, 40,255) #FF9328FF srgba(255,147,40,1)
        10: (255,147, 41,255) #FF9329FF srgba(255,147,41,1)
         4: (255,148, 40,255) #FF9428FF srgba(255,148,40,1)
        80: (255,148, 41,255) #FF9429FF srgba(255,148,41,1)
        85: (255,148, 42,255) #FF942AFF srgba(255,148,42,1)
         9: (255,148, 43,255) #FF942BFF srgba(255,148,43,1)
         8: (255,149, 42,255) #FF952AFF srgba(255,149,42,1)
        83: (255,149, 43,255) #FF952BFF srgba(255,149,43,1)
        81: (255,149, 44,255) #FF952CFF srgba(255,149,44,1)
         4: (255,149, 45,255) #FF952DFF srgba(255,149,45,1)
         9: (255,150, 44,255) #FF962CFF srgba(255,150,44,1)
        77: (255,150, 45,255) #FF962DFF srgba(255,150,45,1)
        72: (255,150, 46,255) #FF962EFF srgba(255,150,46,1)
        13: (255,150, 47,255) #FF962FFF srgba(255,150,47,1)
         5: (255,151, 46,255) #FF972EFF srgba(255,151,46,1)
        73: (255,151, 47,255) #FF972FFF srgba(255,151,47,1)
        69: (255,151, 48,255) #FF9730FF srgba(255,151,48,1)
         2: (255,151, 49,255) #FF9731FF srgba(255,151,49,1)
         8: (255,152, 48,255) #FF9830FF srgba(255,152,48,1)
        75: (255,152, 49,255) #FF9831FF srgba(255,152,49,1)
        60: (255,152, 50,255) #FF9832FF srgba(255,152,50,1)
         1: (255,152, 51,255) #FF9833FF srgba(255,152,51,1)
         1: (255,152, 52,255) #FF9834FF srgba(255,152,52,1)
        20: (255,153, 50,255) #FF9932FF srgba(255,153,50,1)
        66: (255,153, 51,255) #FF9933FF srgba(255,153,51,1)
        49: (255,153, 52,255) #FF9934FF srgba(255,153,52,1)
         3: (255,153, 53,255) #FF9935FF srgba(255,153,53,1)
        18: (255,154, 52,255) #FF9A34FF srgba(255,154,52,1)
        66: (255,154, 53,255) #FF9A35FF srgba(255,154,53,1)
        39: (255,154, 54,255) #FF9A36FF srgba(255,154,54,1)
         1: (255,154, 55,255) #FF9A37FF srgba(255,154,55,1)
        28: (255,155, 54,255) #FF9B36FF srgba(255,155,54,1)
        63: (255,155, 55,255) #FF9B37FF srgba(255,155,55,1)
        49: (255,155, 56,255) #FF9B38FF srgba(255,155,56,1)
         1: (255,155, 57,255) #FF9B39FF srgba(255,155,57,1)
         4: (255,156, 56,255) #FF9C38FF srgba(255,156,56,1)
        69: (255,156, 57,255) #FF9C39FF srgba(255,156,57,1)
        18: (255,156, 58,255) #FF9C3AFF srgba(255,156,58,1)
         3: (255,156, 59,255) #FF9C3BFF srgba(255,156,59,1)
        10: (255,157, 58,255) #FF9D3AFF srgba(255,157,58,1)
        24: (255,157, 59,255) #FF9D3BFF srgba(255,157,59,1)
        23: (255,157, 60,255) #FF9D3CFF srgba(255,157,60,1)
        20: (255,158, 60,255) #FF9E3CFF srgba(255,158,60,1)
        25: (255,158, 61,255) #FF9E3DFF srgba(255,158,61,1)
        22: (255,158, 62,255) #FF9E3EFF srgba(255,158,62,1)
         9: (255,159, 62,255) #FF9F3EFF srgba(255,159,62,1)
        18: (255,159, 63,255) #FF9F3FFF srgba(255,159,63,1)
        30: (255,159, 64,255) #FF9F40FF srgba(255,159,64,1)
        10: (255,160, 64,255) #FFA040FF srgba(255,160,64,1)
        18: (255,160, 65,255) #FFA041FF srgba(255,160,65,1)
        10: (255,160, 66,255) #FFA042FF srgba(255,160,66,1)
         1: (255,160, 67,255) #FFA043FF srgba(255,160,67,1)
         8: (255,161, 66,255) #FFA142FF srgba(255,161,66,1)
        22: (255,161, 67,255) #FFA143FF srgba(255,161,67,1)
        20: (255,161, 68,255) #FFA144FF srgba(255,161,68,1)
        11: (255,162, 68,255) #FFA244FF srgba(255,162,68,1)
        21: (255,162, 69,255) #FFA245FF srgba(255,162,69,1)
        11: (255,162, 70,255) #FFA246FF srgba(255,162,70,1)
         4: (255,163, 70,255) #FFA346FF srgba(255,163,70,1)
        23: (255,163, 71,255) #FFA347FF srgba(255,163,71,1)
        13: (255,163, 72,255) #FFA348FF srgba(255,163,72,1)
         8: (255,164, 72,255) #FFA448FF srgba(255,164,72,1)
        15: (255,164, 73,255) #FFA449FF srgba(255,164,73,1)
        12: (255,164, 74,255) #FFA44AFF srgba(255,164,74,1)
        10: (255,165, 74,255) #FFA54AFF srgba(255,165,74,1)
        10: (255,165, 75,255) #FFA54BFF srgba(255,165,75,1)
         4: (255,165, 76,255) #FFA54CFF srgba(255,165,76,1)
         8: (255,166, 76,255) #FFA64CFF srgba(255,166,76,1)
        11: (255,166, 77,255) #FFA64DFF srgba(255,166,77,1)
         9: (255,166, 78,255) #FFA64EFF srgba(255,166,78,1)
        12: (255,167, 78,255) #FFA74EFF srgba(255,167,78,1)
        11: (255,167, 79,255) #FFA74FFF srgba(255,167,79,1)
        10: (255,167, 80,255) #FFA750FF srgba(255,167,80,1)
         6: (255,168, 80,255) #FFA850FF srgba(255,168,80,1)
        40: (255,168, 81,255) #FFA851FF srgba(255,168,81,1)
     51919: (255,255,255,  0) #FFFFFF00 srgba(255,255,255,0)
