      2798: (  0,  0,  0,  0) #00000000 none
         1: (156, 84,  0,  0) #9C540000 srgba(156,84,0,0)
         1: (167, 88,  0,  0) #A7580000 srgba(167,88,0,0)
         1: (183, 96,  0,  0) #B7600000 srgba(183,96,0,0)
         2: (195,104,  0,  0) #C3680000 srgba(195,104,0,0)
         1: (197,105,  0,  0) #C5690000 srgba(197,105,0,0)
         1: (205,103,  0,  1) #CD670001 srgba(205,103,0,0.00392157)
         1: (210,104,  0,  1) #D2680001 srgba(210,104,0,0.00392157)
         1: (217, 98,  0,  1) #D9620001 srgba(217,98,0,0.00392157)
         1: (219,109,  0,  1) #DB6D0001 srgba(219,109,0,0.00392157)
         1: (228,112,  0,  2) #E4700002 srgba(228,112,0,0.00784314)
         1: (228,116,  0,  1) #E4740001 srgba(228,116,0,0.00392157)
         1: (229,115,  0,  2) #E5730002 srgba(229,115,0,0.00784314)
         1: (232,117,  0,  3) #E8750003 srgba(232,117,0,0.0117647)
         1: (237,119,  0,  5) #ED770005 srgba(237,119,0,0.0196078)
         2: (238,119,  0,  6) #EE770006 srgba(238,119,0,0.0235294)
         1: (239,119,  0,  6) #EF770006 srgba(239,119,0,0.0235294)
         1: (239,120,  0,  0) #EF780000 srgba(239,120,0,0)
         1: (239,120,  0,  3) #EF780003 srgba(239,120,0,0.0117647)
         1: (240,103,  0,  0) #F0670000 srgba(240,103,0,0)
         1: (240,119,  0,  0) #F0770000 srgba(240,119,0,0)
         3: (240,120,  0,  0) #F0780000 srgba(240,120,0,0)
         1: (240,120,  0,  8) #F0780008 srgba(240,120,0,0.0313725)
         1: (240,120,  0,  7) #F0780007 srgba(240,120,0,0.027451)
         1: (240,120,  0,  6) #F0780006 srgba(240,120,0,0.0235294)
         1: (241,114,  0, 10) #F172000A srgba(241,114,0,0.0392157)
         1: (241,115,  0, 13) #F173000D srgba(241,115,0,0.0509804)
         2: (241,120,  0,  9) #F1780009 srgba(241,120,0,0.0352941)
         1: (241,120,  0,  6) #F1780006 srgba(241,120,0,0.0235294)
         2: (241,121,  0, 11) #F179000B srgba(241,121,0,0.0431373)
         1: (241,121,  0, 10) #F179000A srgba(241,121,0,0.0392157)
         1: (241,122,  4,  5) #F17A0405 srgba(241,122,4,0.0196078)
        11: (242,121,  0,  0) #F2790000 srgba(242,121,0,0)
         2: (242,121,  0, 12) #F279000C srgba(242,121,0,0.0470588)
         1: (242,121,  0,  4) #F2790004 srgba(242,121,0,0.0156863)
         1: (243,121,  0, 22) #F3790016 srgba(243,121,0,0.0862745)
         1: (243,121,  0, 25) #F3790019 srgba(243,121,0,0.0980392)
         1: (243,121,  0, 14) #F379000E srgba(243,121,0,0.054902)
         3: (243,122,  0,  0) #F37A0000 srgba(243,122,0,0)
         1: (243,122,  0, 18) #F37A0012 srgba(243,122,0,0.0705882)
         1: (243,127,  0,  0) #F37F0000 srgba(243,127,0,0)
         1: (244,122,  0, 35) #F47A0023 srgba(244,122,0,0.137255)
         1: (244,122,  0, 21) #F47A0015 srgba(244,122,0,0.0823529)
         1: (244,122,  0, 27) #F47A001B srgba(244,122,0,0.105882)
         1: (244,122,  0, 29) #F47A001D srgba(244,122,0,0.113725)
         1: (244,122,  0, 30) #F47A001E srgba(244,122,0,0.117647)
         1: (245,120,  0, 27) #F578001B srgba(245,120,0,0.105882)
         1: (245,120,  0, 20) #F5780014 srgba(245,120,0,0.0784314)
         2: (245,122,  0,  4) #F57A0004 srgba(245,122,0,0.0156863)
         2: (245,122,  0, 28) #F57A001C srgba(245,122,0,0.109804)
         1: (245,122,  0, 35) #F57A0023 srgba(245,122,0,0.137255)
         1: (245,122,  0, 21) #F57A0015 srgba(245,122,0,0.0823529)
         1: (245,122,  0, 24) #F57A0018 srgba(245,122,0,0.0941176)
         1: (245,122,  0, 23) #F57A0017 srgba(245,122,0,0.0901961)
         1: (245,122,  0, 31) #F57A001F srgba(245,122,0,0.121569)
         1: (245,122,  0, 19) #F57A0013 srgba(245,122,0,0.0745098)
        72: (245,123,  0,  0) #F57B0000 srgba(245,123,0,0)
         2: (245,123,  0, 35) #F57B0023 srgba(245,123,0,0.137255)
         1: (245,123,  0, 47) #F57B002F srgba(245,123,0,0.184314)
         1: (245,123,  0, 43) #F57B002B srgba(245,123,0,0.168627)
         1: (245,123,  0, 66) #F57B0042 srgba(245,123,0,0.258824)
         1: (245,123,  0, 19) #F57B0013 srgba(245,123,0,0.0745098)
         1: (245,123,  0, 60) #F57B003C srgba(245,123,0,0.235294)
         1: (246,121,  0,  0) #F6790000 srgba(246,121,0,0)
         1: (246,122,  0, 33) #F67A0021 srgba(246,122,0,0.129412)
        48: (246,123,  0,  0) #F67B0000 srgba(246,123,0,0)
         2: (246,123,  0,  8) #F67B0008 srgba(246,123,0,0.0313725)
         2: (246,123,  0, 22) #F67B0016 srgba(246,123,0,0.0862745)
         2: (246,123,  0, 31) #F67B001F srgba(246,123,0,0.121569)
         1: (246,123,  0, 47) #F67B002F srgba(246,123,0,0.184314)
         1: (246,123,  0, 86) #F67B0056 srgba(246,123,0,0.337255)
         1: (246,123,  0, 49) #F67B0031 srgba(246,123,0,0.192157)
         1: (246,123,  0, 64) #F67B0040 srgba(246,123,0,0.25098)
         1: (246,123,  0, 90) #F67B005A srgba(246,123,0,0.352941)
         1: (246,123,  0, 54) #F67B0036 srgba(246,123,0,0.211765)
         1: (246,123,  0, 51) #F67B0033 srgba(246,123,0,0.2)
         5: (247,123,  0, 56) #F77B0038 srgba(247,123,0,0.219608)
         1: (247,123,  0, 61) #F77B003D srgba(247,123,0,0.239216)
         1: (247,123,  0,104) #F77B0068 srgba(247,123,0,0.407843)
         1: (247,123,  0, 72) #F77B0048 srgba(247,123,0,0.282353)
         1: (247,123,  0, 90) #F77B005A srgba(247,123,0,0.352941)
         1: (247,123,  0, 84) #F77B0054 srgba(247,123,0,0.329412)
         1: (247,123,  0, 77) #F77B004D srgba(247,123,0,0.301961)
         1: (247,123,  0, 69) #F77B0045 srgba(247,123,0,0.270588)
         1: (247,123,  0, 68) #F77B0044 srgba(247,123,0,0.266667)
         3: (247,125,  0,  0) #F77D0000 srgba(247,125,0,0)
         1: (247,127,  7, 21) #F77F0715 srgba(247,127,7,0.0823529)
         1: (248,122,  0, 24) #F87A0018 srgba(248,122,0,0.0941176)
         6: (248,123,  0,  0) #F87B0000 srgba(248,123,0,0)
         1: (248,123,  0, 27) #F87B001B srgba(248,123,0,0.105882)
         1: (248,123,  0, 72) #F87B0048 srgba(248,123,0,0.282353)
        35: (248,124,  0,  0) #F87C0000 srgba(248,124,0,0)
         2: (248,124,  0,108) #F87C006C srgba(248,124,0,0.423529)
         1: (248,124,  0, 42) #F87C002A srgba(248,124,0,0.164706)
         1: (248,124,  0,110) #F87C006E srgba(248,124,0,0.431373)
         1: (248,124,  0, 41) #F87C0029 srgba(248,124,0,0.160784)
         1: (248,124,  0,124) #F87C007C srgba(248,124,0,0.486275)
         1: (248,124,  0,132) #F87C0084 srgba(248,124,0,0.517647)
         1: (248,125,  2, 38) #F87D0226 srgba(248,125,2,0.14902)
         2: (249,120,  0,  0) #F9780000 srgba(249,120,0,0)
         1: (249,122,  0, 34) #F97A0022 srgba(249,122,0,0.133333)
         1: (249,123,  0, 82) #F97B0052 srgba(249,123,0,0.321569)
         2: (249,124,  0,149) #F97C0095 srgba(249,124,0,0.584314)
         2: (249,124,  0, 19) #F97C0013 srgba(249,124,0,0.0745098)
         2: (249,124,  0,144) #F97C0090 srgba(249,124,0,0.564706)
         1: (249,124,  0, 15) #F97C000F srgba(249,124,0,0.0588235)
         1: (249,124,  0,124) #F97C007C srgba(249,124,0,0.486275)
         1: (249,124,  0,118) #F97C0076 srgba(249,124,0,0.462745)
         1: (249,124,  0,117) #F97C0075 srgba(249,124,0,0.458824)
         1: (249,124,  0,125) #F97C007D srgba(249,124,0,0.490196)
         1: (249,124,  0,147) #F97C0093 srgba(249,124,0,0.576471)
         1: (249,124,  0, 53) #F97C0035 srgba(249,124,0,0.207843)
         1: (249,124,  0, 51) #F97C0033 srgba(249,124,0,0.2)
         1: (249,124,  0,139) #F97C008B srgba(249,124,0,0.545098)
         1: (249,124,  0, 57) #F97C0039 srgba(249,124,0,0.223529)
         1: (249,124,  0,101) #F97C0065 srgba(249,124,0,0.396078)
         1: (249,124,  0,138) #F97C008A srgba(249,124,0,0.541176)
         1: (249,124,  0,114) #F97C0072 srgba(249,124,0,0.447059)
         1: (249,124,  0,165) #F97C00A5 srgba(249,124,0,0.647059)
         1: (249,124,  0,161) #F97C00A1 srgba(249,124,0,0.631373)
         1: (249,124,  0, 84) #F97C0054 srgba(249,124,0,0.329412)
         1: (249,124,  0,199) #F97C00C7 srgba(249,124,0,0.780392)
         1: (249,124,  0, 14) #F97C000E srgba(249,124,0,0.054902)
         1: (249,124,  0,207) #F97C00CF srgba(249,124,0,0.811765)
         1: (249,125,  0,130) #F97D0082 srgba(249,125,0,0.509804)
         1: (249,125,  0, 88) #F97D0058 srgba(249,125,0,0.345098)
         1: (249,125,  0, 84) #F97D0054 srgba(249,125,0,0.329412)
         1: (249,125,  2, 25) #F97D0219 srgba(249,125,2,0.0980392)
         1: (249,128,  7, 32) #F9800720 srgba(249,128,7,0.12549)
         1: (250,123,  0, 45) #FA7B002D srgba(250,123,0,0.176471)
         1: (250,124,  0,145) #FA7C0091 srgba(250,124,0,0.568627)
         1: (250,124,  0,101) #FA7C0065 srgba(250,124,0,0.396078)
         1: (250,124,  0,162) #FA7C00A2 srgba(250,124,0,0.635294)
         2: (250,125,  0,101) #FA7D0065 srgba(250,125,0,0.396078)
         2: (250,125,  0,111) #FA7D006F srgba(250,125,0,0.435294)
         2: (250,125,  0,176) #FA7D00B0 srgba(250,125,0,0.690196)
         2: (250,125,  0, 40) #FA7D0028 srgba(250,125,0,0.156863)
         2: (250,125,  0, 55) #FA7D0037 srgba(250,125,0,0.215686)
         1: (250,125,  0,129) #FA7D0081 srgba(250,125,0,0.505882)
         1: (250,125,  0, 90) #FA7D005A srgba(250,125,0,0.352941)
         1: (250,125,  0,102) #FA7D0066 srgba(250,125,0,0.4)
         1: (250,125,  0,201) #FA7D00C9 srgba(250,125,0,0.788235)
         1: (250,125,  0,132) #FA7D0084 srgba(250,125,0,0.517647)
         1: (250,125,  0, 96) #FA7D0060 srgba(250,125,0,0.376471)
         1: (250,125,  0,161) #FA7D00A1 srgba(250,125,0,0.631373)
         1: (250,125,  0,160) #FA7D00A0 srgba(250,125,0,0.627451)
         1: (250,125,  0,198) #FA7D00C6 srgba(250,125,0,0.776471)
         1: (250,125,  0,126) #FA7D007E srgba(250,125,0,0.494118)
         1: (250,125,  0, 95) #FA7D005F srgba(250,125,0,0.372549)
         1: (250,125,  1, 46) #FA7D012E srgba(250,125,1,0.180392)
         1: (250,127,  0,  0) #FA7F0000 srgba(250,127,0,0)
         1: (250,129,  0,  0) #FA810000 srgba(250,129,0,0)
         1: (250,130, 10, 21) #FA820A15 srgba(250,130,10,0.0823529)
        16: (251,125,  0,  0) #FB7D0000 srgba(251,125,0,0)
         3: (251,125,  0, 59) #FB7D003B srgba(251,125,0,0.231373)
         2: (251,125,  0,179) #FB7D00B3 srgba(251,125,0,0.701961)
         2: (251,125,  0,186) #FB7D00BA srgba(251,125,0,0.729412)
         2: (251,125,  0,139) #FB7D008B srgba(251,125,0,0.545098)
         2: (251,125,  0,112) #FB7D0070 srgba(251,125,0,0.439216)
         2: (251,125,  0,173) #FB7D00AD srgba(251,125,0,0.678431)
         2: (251,125,  0, 73) #FB7D0049 srgba(251,125,0,0.286275)
         2: (251,125,  0, 62) #FB7D003E srgba(251,125,0,0.243137)
         1: (251,125,  0,110) #FB7D006E srgba(251,125,0,0.431373)
         1: (251,125,  0,184) #FB7D00B8 srgba(251,125,0,0.721569)
         1: (251,125,  0,121) #FB7D0079 srgba(251,125,0,0.47451)
         1: (251,125,  0,146) #FB7D0092 srgba(251,125,0,0.572549)
         1: (251,125,  0,147) #FB7D0093 srgba(251,125,0,0.576471)
         1: (251,125,  0,189) #FB7D00BD srgba(251,125,0,0.741176)
         1: (251,125,  0,182) #FB7D00B6 srgba(251,125,0,0.713725)
         1: (251,125,  0,227) #FB7D00E3 srgba(251,125,0,0.890196)
         1: (251,125,  0,199) #FB7D00C7 srgba(251,125,0,0.780392)
         1: (251,125,  0,148) #FB7D0094 srgba(251,125,0,0.580392)
         1: (251,125,  0,219) #FB7D00DB srgba(251,125,0,0.858824)
         1: (251,125,  0,221) #FB7D00DD srgba(251,125,0,0.866667)
         1: (251,125,  0,162) #FB7D00A2 srgba(251,125,0,0.635294)
         1: (251,125,  0,202) #FB7D00CA srgba(251,125,0,0.792157)
         1: (251,125,  0,203) #FB7D00CB srgba(251,125,0,0.796078)
         1: (251,126,  1, 52) #FB7E0134 srgba(251,126,1,0.203922)
         1: (251,135, 20, 22) #FB871416 srgba(251,135,20,0.0862745)
         1: (251,143, 35,  0) #FB8F2300 srgba(251,143,35,0)
         3: (252,125,  0, 82) #FC7D0052 srgba(252,125,0,0.321569)
         3: (252,125,  0,  0) #FC7D0000 srgba(252,125,0,0)
         2: (252,125,  0,168) #FC7D00A8 srgba(252,125,0,0.658824)
         1: (252,125,  0,111) #FC7D006F srgba(252,125,0,0.435294)
         1: (252,125,  0, 95) #FC7D005F srgba(252,125,0,0.372549)
         1: (252,125,  0,131) #FC7D0083 srgba(252,125,0,0.513725)
         1: (252,125,  0, 68) #FC7D0044 srgba(252,125,0,0.266667)
         1: (252,125,  0,188) #FC7D00BC srgba(252,125,0,0.737255)
         1: (252,125,  0, 96) #FC7D0060 srgba(252,125,0,0.376471)
         1: (252,125,  0,235) #FC7D00EB srgba(252,125,0,0.921569)
         1: (252,125,  0, 75) #FC7D004B srgba(252,125,0,0.294118)
         3: (252,126,  0,230) #FC7E00E6 srgba(252,126,0,0.901961)
         2: (252,126,  0,219) #FC7E00DB srgba(252,126,0,0.858824)
         2: (252,126,  0,209) #FC7E00D1 srgba(252,126,0,0.819608)
         1: (252,126,  0,220) #FC7E00DC srgba(252,126,0,0.862745)
         1: (252,126,  0,201) #FC7E00C9 srgba(252,126,0,0.788235)
         1: (252,126,  0,195) #FC7E00C3 srgba(252,126,0,0.764706)
         1: (252,126,  0,202) #FC7E00CA srgba(252,126,0,0.792157)
         1: (252,126,  0,190) #FC7E00BE srgba(252,126,0,0.745098)
         1: (252,126,  0, 88) #FC7E0058 srgba(252,126,0,0.345098)
         1: (252,126,  0, 92) #FC7E005C srgba(252,126,0,0.360784)
         1: (252,126,  0,212) #FC7E00D4 srgba(252,126,0,0.831373)
         1: (252,126,  0, 67) #FC7E0043 srgba(252,126,0,0.262745)
         1: (252,126,  0,206) #FC7E00CE srgba(252,126,0,0.807843)
         1: (252,126,  0,196) #FC7E00C4 srgba(252,126,0,0.768627)
         1: (252,126,  0,208) #FC7E00D0 srgba(252,126,0,0.815686)
         1: (252,126,  0,213) #FC7E00D5 srgba(252,126,0,0.835294)
         1: (252,126,  0,211) #FC7E00D3 srgba(252,126,0,0.827451)
         1: (252,126,  0,222) #FC7E00DE srgba(252,126,0,0.870588)
         1: (252,126,  0,229) #FC7E00E5 srgba(252,126,0,0.898039)
         1: (252,126,  0,183) #FC7E00B7 srgba(252,126,0,0.717647)
         1: (252,150, 48,  0) #FC963000 srgba(252,150,48,0)
         6: (253,126,  0,  0) #FD7E0000 srgba(253,126,0,0)
         3: (253,126,  0,241) #FD7E00F1 srgba(253,126,0,0.945098)
         3: (253,126,  0,221) #FD7E00DD srgba(253,126,0,0.866667)
         2: (253,126,  0,169) #FD7E00A9 srgba(253,126,0,0.662745)
         2: (253,126,  0,243) #FD7E00F3 srgba(253,126,0,0.952941)
         2: (253,126,  0,227) #FD7E00E3 srgba(253,126,0,0.890196)
         2: (253,126,  0,192) #FD7E00C0 srgba(253,126,0,0.752941)
         2: (253,126,  0,237) #FD7E00ED srgba(253,126,0,0.929412)
         2: (253,126,  0,159) #FD7E009F srgba(253,126,0,0.623529)
         1: (253,126,  0,153) #FD7E0099 srgba(253,126,0,0.6)
         1: (253,126,  0,152) #FD7E0098 srgba(253,126,0,0.596078)
         1: (253,126,  0,154) #FD7E009A srgba(253,126,0,0.603922)
         1: (253,126,  0,244) #FD7E00F4 srgba(253,126,0,0.956863)
         1: (253,126,  0,129) #FD7E0081 srgba(253,126,0,0.505882)
         1: (253,126,  0,229) #FD7E00E5 srgba(253,126,0,0.898039)
         1: (253,126,  0,188) #FD7E00BC srgba(253,126,0,0.737255)
         1: (253,126,  0,246) #FD7E00F6 srgba(253,126,0,0.964706)
         1: (253,126,  0,191) #FD7E00BF srgba(253,126,0,0.74902)
         1: (253,126,  0,161) #FD7E00A1 srgba(253,126,0,0.631373)
         1: (253,126,  0,116) #FD7E0074 srgba(253,126,0,0.454902)
         1: (253,126,  0,187) #FD7E00BB srgba(253,126,0,0.733333)
         1: (253,126,  0,118) #FD7E0076 srgba(253,126,0,0.462745)
         1: (253,126,  0,240) #FD7E00F0 srgba(253,126,0,0.941176)
         1: (253,126,  0,171) #FD7E00AB srgba(253,126,0,0.670588)
         1: (253,126,  0,239) #FD7E00EF srgba(253,126,0,0.937255)
         1: (253,126,  0,216) #FD7E00D8 srgba(253,126,0,0.847059)
         1: (253,126,  0,200) #FD7E00C8 srgba(253,126,0,0.784314)
         1: (253,126,  0,205) #FD7E00CD srgba(253,126,0,0.803922)
         1: (253,126,  0,189) #FD7E00BD srgba(253,126,0,0.741176)
         1: (253,126,  0,249) #FD7E00F9 srgba(253,126,0,0.976471)
         1: (253,126,  0,130) #FD7E0082 srgba(253,126,0,0.509804)
         1: (253,143, 35, 13) #FD8F230D srgba(253,143,35,0.0509804)
         3: (254,126,  0,254) #FE7E00FE srgba(254,126,0,0.996078)
         2: (254,126,  0,210) #FE7E00D2 srgba(254,126,0,0.823529)
         2: (254,126,  0,226) #FE7E00E2 srgba(254,126,0,0.886275)
         1: (254,126,  0,236) #FE7E00EC srgba(254,126,0,0.92549)
         1: (254,126,  0,247) #FE7E00F7 srgba(254,126,0,0.968627)
         1: (254,126,  0,239) #FE7E00EF srgba(254,126,0,0.937255)
         1: (254,126,  0,250) #FE7E00FA srgba(254,126,0,0.980392)
        21: (254,127,  0,255) #FE7F00FF srgba(254,127,0,1)
         3: (254,127,  0,254) #FE7F00FE srgba(254,127,0,0.996078)
         3: (254,127,  0,252) #FE7F00FC srgba(254,127,0,0.988235)
         3: (254,127,  0,253) #FE7F00FD srgba(254,127,0,0.992157)
         2: (254,127,  0,251) #FE7F00FB srgba(254,127,0,0.984314)
         2: (254,127,  0,242) #FE7F00F2 srgba(254,127,0,0.94902)
         1: (254,127,  0,232) #FE7F00E8 srgba(254,127,0,0.909804)
         1: (254,127,  0,248) #FE7F00F8 srgba(254,127,0,0.972549)
         1: (254,127,  0,233) #FE7F00E9 srgba(254,127,0,0.913725)
         1: (254,127,  0,217) #FE7F00D9 srgba(254,127,0,0.85098)
         1: (254,127,  0,235) #FE7F00EB srgba(254,127,0,0.921569)
         1: (254,127,  0,224) #FE7F00E0 srgba(254,127,0,0.878431)
         1: (254,127,  0,208) #FE7F00D0 srgba(254,127,0,0.815686)
         2: (254,127,  1,244) #FE7F01F4 srgba(254,127,1,0.956863)
         1: (254,127,  1,238) #FE7F01EE srgba(254,127,1,0.933333)
         1: (254,127,  1,243) #FE7F01F3 srgba(254,127,1,0.952941)
         1: (254,129,  5, 61) #FE81053D srgba(254,129,5,0.239216)
         1: (254,129,  6, 68) #FE810644 srgba(254,129,6,0.266667)
         1: (254,139, 24, 44) #FE8B182C srgba(254,139,24,0.172549)
         1: (254,154, 55,  0) #FE9A3700 srgba(254,154,55,0)
         1: (254,157, 59,  0) #FE9D3B00 srgba(254,157,59,0)
       173: (255,127,  0,255) #FF7F00FF srgba(255,127,0,1)
        15: (255,127,  0,  0) #FF7F0000 srgba(255,127,0,0)
         2: (255,127,  0,251) #FF7F00FB srgba(255,127,0,0.984314)
         1: (255,127,  0, 89) #FF7F0059 srgba(255,127,0,0.34902)
         1: (255,127,  0,174) #FF7F00AE srgba(255,127,0,0.682353)
         1: (255,127,  0,103) #FF7F0067 srgba(255,127,0,0.403922)
         1: (255,127,  0,165) #FF7F00A5 srgba(255,127,0,0.647059)
         1: (255,127,  0,176) #FF7F00B0 srgba(255,127,0,0.690196)
        15: (255,127,  1,255) #FF7F01FF srgba(255,127,1,1)
         1: (255,127,  1,250) #FF7F01FA srgba(255,127,1,0.980392)
         1: (255,127,  1,192) #FF7F01C0 srgba(255,127,1,0.752941)
         5: (255,128,  0,  0) #FF800000 srgba(255,128,0,0)
         5: (255,128,  1,255) #FF8001FF srgba(255,128,1,1)
         1: (255,128,  1,250) #FF8001FA srgba(255,128,1,0.980392)
        15: (255,128,  2,255) #FF8002FF srgba(255,128,2,1)
         1: (255,128,  2,238) #FF8002EE srgba(255,128,2,0.933333)
         1: (255,128,  2,239) #FF8002EF srgba(255,128,2,0.937255)
         1: (255,128,  2,247) #FF8002F7 srgba(255,128,2,0.968627)
         1: (255,128,  2,231) #FF8002E7 srgba(255,128,2,0.905882)
        16: (255,128,  3,255) #FF8003FF srgba(255,128,3,1)
         2: (255,129,  3,255) #FF8103FF srgba(255,129,3,1)
        24: (255,129,  4,255) #FF8104FF srgba(255,129,4,1)
         4: (255,129,  5,255) #FF8105FF srgba(255,129,5,1)
         8: (255,130,  5,255) #FF8205FF srgba(255,130,5,1)
        16: (255,130,  6,255) #FF8206FF srgba(255,130,6,1)
         1: (255,130,  6, 65) #FF820641 srgba(255,130,6,0.254902)
         4: (255,130,  7,255) #FF8207FF srgba(255,130,7,1)
         4: (255,131,  0,  0) #FF830000 srgba(255,131,0,0)
         6: (255,131,  7,255) #FF8307FF srgba(255,131,7,1)
         1: (255,131,  7, 84) #FF830754 srgba(255,131,7,0.329412)
         6: (255,131,  8,255) #FF8308FF srgba(255,131,8,1)
         4: (255,131,  9,255) #FF8309FF srgba(255,131,9,1)
         4: (255,132,  9,255) #FF8409FF srgba(255,132,9,1)
        12: (255,132, 10,255) #FF840AFF srgba(255,132,10,1)
         4: (255,132, 11,255) #FF840BFF srgba(255,132,11,1)
         1: (255,132, 11,158) #FF840B9E srgba(255,132,11,0.619608)
         1: (255,133,  0,  0) #FF850000 srgba(255,133,0,0)
         4: (255,133, 11,255) #FF850BFF srgba(255,133,11,1)
         1: (255,133, 11,182) #FF850BB6 srgba(255,133,11,0.713725)
        12: (255,133, 12,255) #FF850CFF srgba(255,133,12,1)
         2: (255,133, 13,255) #FF850DFF srgba(255,133,13,1)
         6: (255,134, 13,255) #FF860DFF srgba(255,134,13,1)
         1: (255,134, 13,136) #FF860D88 srgba(255,134,13,0.533333)
        10: (255,134, 14,255) #FF860EFF srgba(255,134,14,1)
         1: (255,134, 14,246) #FF860EF6 srgba(255,134,14,0.964706)
         1: (255,134, 14,235) #FF860EEB srgba(255,134,14,0.921569)
         1: (255,134, 14,153) #FF860E99 srgba(255,134,14,0.6)
         2: (255,134, 15,255) #FF860FFF srgba(255,134,15,1)
         4: (255,135, 15,255) #FF870FFF srgba(255,135,15,1)
        16: (255,135, 16,255) #FF8710FF srgba(255,135,16,1)
         6: (255,135, 17,255) #FF8711FF srgba(255,135,17,1)
         8: (255,136, 17,255) #FF8811FF srgba(255,136,17,1)
        10: (255,136, 18,255) #FF8812FF srgba(255,136,18,1)
         2: (255,136, 19,255) #FF8813FF srgba(255,136,19,1)
         1: (255,137,  0,  0) #FF890000 srgba(255,137,0,0)
         2: (255,137, 19,255) #FF8913FF srgba(255,137,19,1)
         1: (255,137, 19, 57) #FF891339 srgba(255,137,19,0.223529)
         2: (255,137, 20,255) #FF8914FF srgba(255,137,20,1)
         1: (255,137, 20,233) #FF8914E9 srgba(255,137,20,0.913725)
         1: (255,137, 20, 82) #FF891452 srgba(255,137,20,0.321569)
         1: (255,137, 20,223) #FF8914DF srgba(255,137,20,0.87451)
         2: (255,137, 21,255) #FF8915FF srgba(255,137,21,1)
         1: (255,138,  0,  0) #FF8A0000 srgba(255,138,0,0)
         6: (255,138, 21,255) #FF8A15FF srgba(255,138,21,1)
         8: (255,138, 22,255) #FF8A16FF srgba(255,138,22,1)
         2: (255,138, 23,255) #FF8A17FF srgba(255,138,23,1)
         6: (255,139, 23,255) #FF8B17FF srgba(255,139,23,1)
         1: (255,139, 23,159) #FF8B179F srgba(255,139,23,0.623529)
         2: (255,139, 24,255) #FF8B18FF srgba(255,139,24,1)
         1: (255,139, 24,188) #FF8B18BC srgba(255,139,24,0.737255)
        12: (255,140, 25,255) #FF8C19FF srgba(255,140,25,1)
         8: (255,140, 26,255) #FF8C1AFF srgba(255,140,26,1)
         1: (255,140, 26,239) #FF8C1AEF srgba(255,140,26,0.937255)
         1: (255,140, 26,250) #FF8C1AFA srgba(255,140,26,0.980392)
         1: (255,140, 26, 56) #FF8C1A38 srgba(255,140,26,0.219608)
         2: (255,140, 27,255) #FF8C1BFF srgba(255,140,27,1)
         8: (255,141, 27,255) #FF8D1BFF srgba(255,141,27,1)
         8: (255,141, 28,255) #FF8D1CFF srgba(255,141,28,1)
         8: (255,142, 29,255) #FF8E1DFF srgba(255,142,29,1)
         6: (255,142, 30,255) #FF8E1EFF srgba(255,142,30,1)
         8: (255,143, 31,255) #FF8F1FFF srgba(255,143,31,1)
         8: (255,143, 32,255) #FF8F20FF srgba(255,143,32,1)
         1: (255,143, 32, 65) #FF8F2041 srgba(255,143,32,0.254902)
         1: (255,143, 32, 97) #FF8F2061 srgba(255,143,32,0.380392)
         8: (255,144, 33,255) #FF9021FF srgba(255,144,33,1)
         1: (255,144, 33,137) #FF902189 srgba(255,144,33,0.537255)
         4: (255,144, 34,255) #FF9022FF srgba(255,144,34,1)
         1: (255,144, 34,176) #FF9022B0 srgba(255,144,34,0.690196)
         1: (255,144, 34,159) #FF90229F srgba(255,144,34,0.623529)
         2: (255,144, 35,255) #FF9023FF srgba(255,144,35,1)
         4: (255,145, 35,255) #FF9123FF srgba(255,145,35,1)
         1: (255,145, 35,206) #FF9123CE srgba(255,145,35,0.807843)
         4: (255,145, 36,255) #FF9124FF srgba(255,145,36,1)
         2: (255,145, 37,255) #FF9125FF srgba(255,145,37,1)
         7: (255,146, 37,255) #FF9225FF srgba(255,146,37,1)
         1: (255,146, 37,248) #FF9225F8 srgba(255,146,37,0.972549)
         4: (255,146, 38,255) #FF9226FF srgba(255,146,38,1)
         6: (255,147, 39,255) #FF9327FF srgba(255,147,39,1)
         4: (255,147, 40,255) #FF9328FF srgba(255,147,40,1)
         1: (255,147, 40,240) #FF9328F0 srgba(255,147,40,0.941176)
         1: (255,147, 40,230) #FF9328E6 srgba(255,147,40,0.901961)
         4: (255,148, 41,255) #FF9429FF srgba(255,148,41,1)
         1: (255,148, 41, 27) #FF94291B srgba(255,148,41,0.105882)
         1: (255,148, 41, 94) #FF94295E srgba(255,148,41,0.368627)
         6: (255,148, 42,255) #FF942AFF srgba(255,148,42,1)
         4: (255,149, 43,255) #FF952BFF srgba(255,149,43,1)
         1: (255,149, 43,131) #FF952B83 srgba(255,149,43,0.513725)
         4: (255,149, 44,255) #FF952CFF srgba(255,149,44,1)
         1: (255,149, 44,209) #FF952CD1 srgba(255,149,44,0.819608)
        10: (255,150, 45,255) #FF962DFF srgba(255,150,45,1)
         1: (255,150, 45,231) #FF962DE7 srgba(255,150,45,0.905882)
         4: (255,150, 46,255) #FF962EFF srgba(255,150,46,1)
         1: (255,150, 47, 72) #FF962F48 srgba(255,150,47,0.282353)
         1: (255,151, 46, 52) #FF972E34 srgba(255,151,46,0.203922)
         2: (255,151, 47,255) #FF972FFF srgba(255,151,47,1)
         2: (255,151, 48,255) #FF9730FF srgba(255,151,48,1)
         6: (255,152, 49,255) #FF9831FF srgba(255,152,49,1)
         1: (255,152, 49, 32) #FF983120 srgba(255,152,49,0.12549)
         1: (255,152, 49, 59) #FF98313B srgba(255,152,49,0.231373)
         6: (255,152, 50,255) #FF9832FF srgba(255,152,50,1)
         1: (255,152, 50,148) #FF983294 srgba(255,152,50,0.580392)
         1: (255,153,  0,  0) #FF990000 srgba(255,153,0,0)
         1: (255,153, 51,244) #FF9933F4 srgba(255,153,51,0.956863)
         1: (255,153, 51,182) #FF9933B6 srgba(255,153,51,0.713725)
         6: (255,153, 52,255) #FF9934FF srgba(255,153,52,1)
         1: (255,153, 52,253) #FF9934FD srgba(255,153,52,0.992157)
         2: (255,154,  0,  0) #FF9A0000 srgba(255,154,0,0)
         2: (255,154, 53,255) #FF9A35FF srgba(255,154,53,1)
         1: (255,154, 53,169) #FF9A35A9 srgba(255,154,53,0.662745)
         1: (255,154, 53, 85) #FF9A3555 srgba(255,154,53,0.333333)
         1: (255,154, 53, 93) #FF9A355D srgba(255,154,53,0.364706)
         1: (255,154, 54, 62) #FF9A363E srgba(255,154,54,0.243137)
         1: (255,154, 54,248) #FF9A36F8 srgba(255,154,54,0.972549)
         1: (255,154, 54,190) #FF9A36BE srgba(255,154,54,0.745098)
         1: (255,154, 54, 95) #FF9A365F srgba(255,154,54,0.372549)
         1: (255,154, 54,246) #FF9A36F6 srgba(255,154,54,0.964706)
         1: (255,155, 54,223) #FF9B36DF srgba(255,155,54,0.87451)
         4: (255,155, 55,255) #FF9B37FF srgba(255,155,55,1)
         1: (255,155, 55,126) #FF9B377E srgba(255,155,55,0.494118)
         1: (255,155, 55,214) #FF9B37D6 srgba(255,155,55,0.839216)
         1: (255,155, 55, 86) #FF9B3756 srgba(255,155,55,0.337255)
         1: (255,155, 55,238) #FF9B37EE srgba(255,155,55,0.933333)
         2: (255,155, 56,255) #FF9B38FF srgba(255,155,56,1)
         1: (255,155, 56, 16) #FF9B3810 srgba(255,155,56,0.0627451)
         1: (255,155, 56,226) #FF9B38E2 srgba(255,155,56,0.886275)
         4: (255,156, 58,255) #FF9C3AFF srgba(255,156,58,1)
         1: (255,157, 58,248) #FF9D3AF8 srgba(255,157,58,0.972549)
         4: (255,157, 59,255) #FF9D3BFF srgba(255,157,59,1)
         1: (255,157, 59,253) #FF9D3BFD srgba(255,157,59,0.992157)
         2: (255,157, 60,255) #FF9D3CFF srgba(255,157,60,1)
         1: (255,157, 60, 19) #FF9D3C13 srgba(255,157,60,0.0745098)
         1: (255,157, 60, 10) #FF9D3C0A srgba(255,157,60,0.0392157)
         1: (255,158,  0,  0) #FF9E0000 srgba(255,158,0,0)
         2: (255,159, 62,255) #FF9F3EFF srgba(255,159,62,1)
         2: (255,160, 65,255) #FFA041FF srgba(255,160,65,1)
         1: (255,160, 65,107) #FFA0416B srgba(255,160,65,0.419608)
         4: (255,160, 66,255) #FFA042FF srgba(255,160,66,1)
         1: (255,160, 66,127) #FFA0427F srgba(255,160,66,0.498039)
         2: (255,163, 71,255) #FFA347FF srgba(255,163,71,1)
         1: (255,163, 71,231) #FFA347E7 srgba(255,163,71,0.905882)
         1: (255,163, 72,238) #FFA348EE srgba(255,163,72,0.933333)
         2: (255,164, 73,255) #FFA449FF srgba(255,164,73,1)
         2: (255,164, 74,255) #FFA44AFF srgba(255,164,74,1)
         2: (255,165, 75,255) #FFA54BFF srgba(255,165,75,1)
         1: (255,165, 75, 91) #FFA54B5B srgba(255,165,75,0.356863)
         1: (255,165, 76,101) #FFA54C65 srgba(255,165,76,0.396078)
         1: (255,166, 74,  3) #FFA64A03 srgba(255,166,74,0.0117647)
         2: (255,166, 78,255) #FFA64EFF srgba(255,166,78,1)
         1: (255,167, 79,244) #FFA74FF4 srgba(255,167,79,0.956863)
         1: (255,167, 79,246) #FFA74FF6 srgba(255,167,79,0.964706)
         1: (255,204,125,  1) #FFCC7D01 srgba(255,204,125,0.00392157)
         1: (255,231,  0,  0) #FFE70000 srgba(255,231,0,0)
         1: (255,255,  0,  0) #FFFF0000 srgba(255,255,0,0)
