       172: (243,121,  0,255) #F37900FF srgba(243,121,0,1)
      1024: (243,122,  0,255) #F37A00FF srgba(243,122,0,1)
        41: (244,121,  0,255) #F47900FF srgba(244,121,0,1)
        99: (244,122,  0,255) #F47A00FF srgba(244,122,0,1)
       163: (245,122,  0,255) #F57A00FF srgba(245,122,0,1)
        53: (246,122,  0,255) #F67A00FF srgba(246,122,0,1)
        19: (246,123,  0,255) #F67B00FF srgba(246,123,0,1)
        22: (247,123,  0,255) #F77B00FF srgba(247,123,0,1)
        67: (248,123,  0,255) #F87B00FF srgba(248,123,0,1)
        27: (248,124,  0,255) #F87C00FF srgba(248,124,0,1)
        64: (249,125,  1,255) #F97D01FF srgba(249,125,1,1)
       139: (250,125,  1,255) #FA7D01FF srgba(250,125,1,1)
         7: (253,126,  0,255) #FD7E00FF srgba(253,126,0,1)
     12816: (255,127,  0,255) #FF7F00FF srgba(255,127,0,1)
      3419: (255,129,  4,255) #FF8104FF srgba(255,129,4,1)
        20: (255,130,  6,255) #FF8206FF srgba(255,130,6,1)
      2726: (255,133, 11,255) #FF850BFF srgba(255,133,11,1)
       973: (255,135, 16,255) #FF8710FF srgba(255,135,16,1)
         2: (255,137, 19,255) #FF8913FF srgba(255,137,19,1)
      2285: (255,137, 20,255) #FF8914FF srgba(255,137,20,1)
         7: (255,138, 21,255) #FF8A15FF srgba(255,138,21,1)
        12: (255,140, 26,255) #FF8C1AFF srgba(255,140,26,1)
      2030: (255,141, 27,255) #FF8D1BFF srgba(255,141,27,1)
         1: (255,141, 28,255) #FF8D1CFF srgba(255,141,28,1)
         1: (255,141, 30,255) #FF8D1EFF srgba(255,141,30,1)
         3: (255,142, 30,255) #FF8E1EFF srgba(255,142,30,1)
         4: (255,143, 31,255) #FF8F1FFF srgba(255,143,31,1)
       678: (255,143, 32,255) #FF8F20FF srgba(255,143,32,1)
         2: (255,144, 33,255) #FF9021FF srgba(255,144,33,1)
         1: (255,144, 34,255) #FF9022FF srgba(255,144,34,1)
      1728: (255,145, 36,255) #FF9124FF srgba(255,145,36,1)
         3: (255,146, 39,255) #FF9227FF srgba(255,146,39,1)
         1: (255,147, 41,255) #FF9329FF srgba(255,147,41,1)
         6: (255,148, 41,255) #FF9429FF srgba(255,148,41,1)
      1458: (255,149, 43,255) #FF952BFF srgba(255,149,43,1)
       449: (255,151, 48,255) #FF9730FF srgba(255,151,48,1)
        25: (255,152, 49,255) #FF9831FF srgba(255,152,49,1)
         2: (255,153, 51,255) #FF9933FF srgba(255,153,51,1)
      1021: (255,153, 52,255) #FF9934FF srgba(255,153,52,1)
         3: (255,154, 52,255) #FF9A34FF srgba(255,154,52,1)
         5: (255,155, 55,255) #FF9B37FF srgba(255,155,55,1)
       705: (255,157, 59,255) #FF9D3BFF srgba(255,157,59,1)
       175: (255,159, 64,255) #FF9F40FF srgba(255,159,64,1)
         3: (255,161, 66,255) #FFA142FF srgba(255,161,66,1)
         3: (255,161, 67,255) #FFA143FF srgba(255,161,67,1)
       343: (255,161, 68,255) #FFA144FF srgba(255,161,68,1)
         1: (255,162, 70,255) #FFA246FF srgba(255,162,70,1)
         1: (255,163, 72,255) #FFA348FF srgba(255,163,72,1)
         3: (255,165, 74,255) #FFA54AFF srgba(255,165,74,1)
       267: (255,165, 75,255) #FFA54BFF srgba(255,165,75,1)
        12: (255,167, 80,255) #FFA750FF srgba(255,167,80,1)
       202: (255,168, 81,255) #FFA851FF srgba(255,168,81,1)
    126707: (255,255,255,  0) #FFFFFF00 srgba(255,255,255,0)
